0.46685165
0.80734441
1.17688389
0.87449555
1.27482405
1.34924985
0.94187829
1.03204139
1.10606139
1.27534493
0.99254387
0.55145482
0.53274267
0.59511389
0.64809083
0.89768675
0.86785675
0.70219088
0.52255733
0.58762627
0.52622952
0.67060185
0.66622402
0.82540049
0.73674848
0.60958406
0.402443
0.3723271
0.26468632
0.31158475
0.38793431
0.41699948
0.40431014
0.37068937
0.33518637
0.29630894
0.25818863
0.23513977
0.21120445
0.18795493
0.16651591
0.12225402
0.09146838
0.06818642
0.0521201
0.04585599
0.04051236
0.0359365
0.0319994
0.0208876
0.01449611
0.01063352
0.00818367
0.00654438
0.00539259
