0.010 0.32690293
0.020 0.33657215
0.030 0.35219209
0.040 0.35693759
0.050 0.37816426
0.060 0.45179902
0.070 0.58633224
0.080 0.53911169
0.090 0.57684336
0.100 0.60699359
0.120 0.68840496
0.140 0.80586809
0.160 0.86066902
0.180 1.01680535
0.200 1.14308641
0.250 0.55871773
0.300 0.54168796
0.350 0.91456627
0.400 0.53551946
0.450 0.71815143
0.500 0.60045695
0.600 0.43711912
0.700 0.30210522
0.800 0.24417342
0.900 0.3609543
1.000 0.34813848
1.200 0.24204255
1.400 0.27171038
1.600 0.26706888
1.800 0.15700976
2.000 0.14066239
2.200 0.13892577
2.400 0.15046111
2.600 0.16832627
2.800 0.1684021
3.000 0.15284596
3.200 0.14970289
3.400 0.15279284
3.600 0.14985469
3.800 0.14459981
4.000 0.13772655
4.500 0.11423465
5.000 0.09442962
5.500 0.0893683
6.000 0.08277102
6.500 0.06895802
7.000 0.05510516
7.500 0.04661124
8.000 0.040608
10.000 0.02262423
12.000 0.0148609
14.000 0.01026476
16.000 0.00744443
18.000 0.00563138
20.000 0.00441398
