0.010 0.496201
0.020 0.49996442
0.030 0.50469485
0.040 0.50043105
0.050 0.51075117
0.060 0.51133587
0.070 0.53455769
0.080 0.5280941
0.090 0.57065183
0.100 0.65401194
0.120 0.770789
0.140 0.75115222
0.160 0.87571846
0.180 1.06379254
0.200 1.34384758
0.250 1.10811669
0.300 1.56398843
0.350 1.07085961
0.400 0.7295346
0.450 0.73613425
0.500 0.92795744
0.600 1.00037515
0.700 1.04504059
0.800 0.84936243
0.900 0.67880654
1.000 0.64628315
1.200 0.51008138
1.400 0.35505207
1.600 0.31064848
1.800 0.36511569
2.000 0.38324392
2.200 0.35692669
2.400 0.31189102
2.600 0.27660612
2.800 0.24100493
3.000 0.21292681
3.200 0.1993445
3.400 0.17736852
3.600 0.1605839
3.800 0.1453137
4.000 0.13416942
4.500 0.10653191
5.000 0.07762837
5.500 0.05692633
6.000 0.04434975
6.500 0.03513665
7.000 0.02832074
7.500 0.02343795
8.000 0.01981069
10.000 0.01252246
12.000 0.00905483
14.000 0.00691192
16.000 0.00549013
18.000 0.0044953
20.000 0.00376948
