0.3879541
0.39160132
0.3959237
0.40304229
0.41194871
0.43423838
0.47638478
0.46004752
0.4661535
0.53754832
0.54247272
0.56739262
0.53939634
0.65513798
0.69869605
0.77184131
0.86585672
0.8065264
0.74596248
0.70637568
0.63854073
0.7219645
0.77621997
0.8258197
0.87910637
0.87985438
0.79401999
0.7094053
0.69220026
0.69129521
0.63794863
0.5605408
0.49403847
0.42420788
0.35164261
0.29651852
0.25446092
0.21696459
0.18420275
0.15612628
0.13230342
0.09680291
0.07739188
0.06287769
0.05186555
0.04340639
0.03681529
0.03160505
0.02742863
0.01704766
0.0118003
0.00879461
0.00699099
0.00581644
0.00496992
