0.59822702
0.60254444
0.62503335
0.62644787
0.64805952
0.71360522
0.87361435
0.88034866
0.77313246
0.75082111
1.06085028
1.14341375
0.72872454
1.01016602
1.02104848
0.74488217
0.94928552
0.93119241
0.83395412
0.83827626
0.94606252
1.38411284
1.44503746
1.26876036
0.87264695
0.61479039
0.36236874
0.23807065
0.19374619
0.18620334
0.13760149
0.12390216
0.12477467
0.13570642
0.14867689
0.14199147
0.12010398
0.08977394
0.06895909
0.05720634
0.04608208
0.03857291
0.03124407
0.02502233
0.02193859
0.02025065
0.01862742
0.01707922
0.01491833
0.00891522
0.00573039
0.004456
0.00348832
0.00291115
0.00247972
