0.010 0.66492899
0.020 0.66849302
0.030 0.6769041
0.040 0.6957577
0.050 0.78946991
0.060 0.79864088
0.070 1.1039139
0.080 0.86676324
0.090 0.88903257
0.100 1.08733049
0.120 1.04028203
0.140 1.0405118
0.160 1.14243353
0.180 1.09852848
0.200 1.01033411
0.250 0.77155116
0.300 1.14014973
0.350 0.91838496
0.400 1.16082265
0.450 1.3814181
0.500 1.4569613
0.600 1.87678214
0.700 1.84364989
0.800 1.47733539
0.900 1.13193554
1.000 0.99224167
1.200 0.67626232
1.400 0.51277131
1.600 0.45402549
1.800 0.40757983
2.000 0.3745295
2.200 0.36567873
2.400 0.33368636
2.600 0.30031621
2.800 0.25806032
3.000 0.21446483
3.200 0.18451396
3.400 0.16474487
3.600 0.14376496
3.800 0.12608057
4.000 0.1163769
4.500 0.0938331
5.000 0.07516083
5.500 0.06048477
6.000 0.04909596
6.500 0.04028302
7.000 0.03343762
7.500 0.02807844
8.000 0.02384174
10.000 0.01373799
12.000 0.00957239
14.000 0.00737695
16.000 0.00588954
18.000 0.00483123
20.000 0.00405032
