0.730275
0.77032181
1.30131081
1.52531033
1.56724603
1.47223399
2.3216925
2.05123261
1.74739595
1.86231634
1.72593707
1.37887717
1.13201519
0.94141323
1.2772479
1.45975363
1.08574247
0.58701797
0.71049495
0.74308374
0.60583389
0.58180613
0.74728813
0.65527472
0.42265186
0.47649557
0.59955796
0.53242893
0.43318255
0.35420973
0.31099119
0.29948346
0.29576157
0.30200435
0.31130907
0.31976682
0.32158513
0.32005992
0.32287337
0.31914451
0.30699318
0.27394726
0.23131213
0.19790547
0.17158931
0.15055641
0.13584146
0.12445248
0.11477992
0.07989224
0.05517073
0.03951754
0.02939052
0.02368833
0.01922221
