0.010 0.80266522
0.020 0.83961788
0.030 1.45231261
0.040 1.56534048
0.050 1.79706893
0.060 2.63075106
0.070 2.04880003
0.080 2.84118988
0.090 2.48141687
0.100 2.10838964
0.120 1.66660857
0.140 1.50146739
0.160 1.80495458
0.180 1.27259641
0.200 1.06281875
0.250 0.95136969
0.300 0.92203109
0.350 0.69593058
0.400 0.48003069
0.450 0.44314642
0.500 0.47583472
0.600 0.47674695
0.700 0.36955249
0.800 0.33415908
0.900 0.28920803
1.000 0.30099048
1.200 0.26487047
1.400 0.1776519
1.600 0.1283274
1.800 0.10467159
2.000 0.12130368
2.200 0.12424528
2.400 0.12087322
2.600 0.11504525
2.800 0.10724997
3.000 0.11539888
3.200 0.11659332
3.400 0.11643986
3.600 0.10940245
3.800 0.1037766
4.000 0.09762513
4.500 0.07489948
5.000 0.05437311
5.500 0.04140806
6.000 0.03182127
6.500 0.02730528
7.000 0.02302238
7.500 0.01915426
8.000 0.01648558
10.000 0.01202758
12.000 0.00851837
14.000 0.00828478
16.000 0.0074283
18.000 0.00615443
20.000 0.00495439
