0.88012692
0.88231933
0.92169198
0.88723427
0.93985357
0.98104891
1.02236219
1.0533133
1.06785775
1.08189266
1.14469721
1.24786929
1.3966016
1.48822098
1.60220251
1.75625481
1.8514828
1.86213983
1.98276233
1.88764565
1.75986708
1.88188409
2.11709652
2.08170923
1.98727783
1.83940133
1.51899056
1.13379027
0.88288463
0.70922285
0.56342129
0.44591783
0.35200702
0.27950862
0.23032956
0.20639095
0.18512657
0.16640916
0.15114695
0.13652033
0.12312896
0.11186499
0.08941588
0.06626499
0.05591245
0.04789425
0.04162439
0.03658025
0.03246075
0.02185846
0.01609217
0.01260456
0.01026945
0.00861402
0.007417
