0.010 0.48800553
0.020 0.47865904
0.030 0.55402369
0.040 0.77300836
0.050 0.83706722
0.060 0.6590123
0.070 0.89042526
0.080 0.80292189
0.090 0.98562087
0.100 1.08285308
0.120 0.91598552
0.140 1.27524165
0.160 1.30305195
0.180 1.11289031
0.200 1.18398538
0.250 1.4115323
0.300 1.92467257
0.350 1.72042873
0.400 1.44377565
0.450 1.14519724
0.500 1.05499462
0.600 0.91190654
0.700 0.9726508
0.800 0.84065227
0.900 0.79067208
1.000 0.79053784
1.200 0.72647489
1.400 0.66441035
1.600 0.50560428
1.800 0.44386795
2.000 0.46173866
2.200 0.50571376
2.400 0.46694612
2.600 0.40170713
2.800 0.33249456
3.000 0.25899605
3.200 0.20149362
3.400 0.1717375
3.600 0.14215517
3.800 0.11530849
4.000 0.09240937
4.500 0.055643
5.000 0.04541674
5.500 0.03750175
6.000 0.03133724
6.500 0.02761955
7.000 0.02846002
7.500 0.02517385
8.000 0.02126114
10.000 0.01084272
12.000 0.00763525
14.000 0.00580851
16.000 0.00468931
18.000 0.00391229
20.000 0.00332356
