0.60994267
0.61391456
0.60430856
0.60687965
0.60583541
0.67165654
0.62168045
0.74242598
0.83745537
1.01901286
0.98376478
0.87251225
0.83633607
0.8490944
0.92321126
0.85690456
1.07376206
1.11886906
1.15223882
1.21175096
1.35150687
1.22579598
0.83921319
1.14983578
1.05464943
0.61806226
0.49282919
0.51311078
0.38302405
0.41414107
0.45077583
0.45530195
0.41266988
0.36366314
0.2957321
0.26601639
0.22705636
0.18705354
0.1504222
0.11890074
0.0929852
0.06220558
0.04414506
0.03414939
0.02800911
0.02332312
0.01970255
0.01686644
0.01461366
0.00965725
0.00736573
0.00579343
0.00469517
0.00392571
0.00336047
