0.45156097
0.62061535
0.63997015
0.47346826
0.70323826
0.82169567
0.70880943
0.64102796
0.77526269
0.73855169
0.66683107
0.84514218
0.66975496
0.56263118
0.68366217
1.06393926
0.90585505
0.82579382
0.83178649
0.69900331
0.67450459
0.66422845
0.61171473
0.59262635
0.52087197
0.43731598
0.39012778
0.40739629
0.4274213
0.43438999
0.43950776
0.42468158
0.43585063
0.4742325
0.50138617
0.51160448
0.50714357
0.48960652
0.45867869
0.42350429
0.38342959
0.29067263
0.23056114
0.18979794
0.15509082
0.12625334
0.10254976
0.08333791
0.06790078
0.03896994
0.02689384
0.01972362
0.01517886
0.01212482
0.00997439
