0.853416
0.86280483
0.90915835
0.8928699
0.96182823
1.05639803
1.05279892
1.26618981
1.40467545
1.25864985
1.25079181
1.40348793
1.25145733
1.15655232
1.24851623
1.68709779
2.66325795
2.82508147
2.69636002
2.38779218
2.01301581
1.3783391
1.28287951
1.10630129
0.8635057
0.86930508
0.93753217
0.86531379
0.81989661
0.71326461
0.61884876
0.53043559
0.50917226
0.46036844
0.39508368
0.34542769
0.27285784
0.21696671
0.18686042
0.15556898
0.1275487
0.10492085
0.08652875
0.07182119
0.06014207
0.05085937
0.04344229
0.03747059
0.03262031
0.02031408
0.01403935
0.01041388
0.00812849
0.00660784
0.00552549
