0.23056829
0.2321735
0.23647245
0.25511186
0.2515821
0.28290464
0.27620937
0.31973211
0.41502522
0.33922105
0.38831172
0.48189699
0.56788518
0.69236971
0.68214449
0.77530116
1.1072707
0.46792572
0.43533837
0.34872611
0.33160883
0.51030382
0.32595251
0.24661087
0.29013136
0.26688471
0.21071957
0.23195256
0.21869674
0.20331696
0.18064642
0.15801241
0.14785014
0.14464838
0.13708091
0.12882354
0.11726474
0.10665217
0.10195297
0.0967755
0.09111161
0.07923524
0.06671501
0.05204418
0.04450401
0.03623906
0.03097872
0.02571138
0.02073465
0.0118741
0.00742796
0.00499236
0.00387001
0.00317702
0.00266262
