0.010 0.16515971
0.020 0.16684082
0.030 0.16803286
0.040 0.1843974
0.050 0.20714667
0.060 0.21663347
0.070 0.20968628
0.080 0.2980261
0.090 0.28590871
0.100 0.26939628
0.120 0.27066735
0.140 0.27880241
0.160 0.29351511
0.180 0.32885152
0.200 0.39949587
0.250 0.55181604
0.300 0.53599156
0.350 0.38138968
0.400 0.31078974
0.450 0.38764926
0.500 0.44027945
0.600 0.40795997
0.700 0.26436131
0.800 0.20478807
0.900 0.29648088
1.000 0.29844547
1.200 0.20139207
1.400 0.19264565
1.600 0.21980084
1.800 0.19078631
2.000 0.14476224
2.200 0.1001353
2.400 0.08576161
2.600 0.07703626
2.800 0.06888531
3.000 0.07495069
3.200 0.08002188
3.400 0.07634025
3.600 0.06942129
3.800 0.06571779
4.000 0.06098269
4.500 0.0461739
5.000 0.03363881
5.500 0.0228508
6.000 0.01941244
6.500 0.01663285
7.000 0.01405237
7.500 0.01181767
8.000 0.00995239
10.000 0.00669225
12.000 0.00517596
14.000 0.004264
16.000 0.00281134
18.000 0.00190894
20.000 0.00159077
