0.79406993
0.80591847
0.83132712
0.86148784
0.8865979
0.91355697
0.92225732
0.97932325
0.99302577
1.03212597
1.02249346
1.12144178
1.09029033
1.04642798
1.05247053
0.88760968
0.93763925
1.11244873
0.7868944
0.71483696
0.74246487
0.95757023
0.86129704
0.90202428
0.92240885
1.30895637
1.14754507
0.76511162
0.71742879
0.60811882
0.77988476
0.5821963
0.41877867
0.40419231
0.35099339
0.34200111
0.31327633
0.34359152
0.39402104
0.43335442
0.47082747
0.47978857
0.41528751
0.30093831
0.23476946
0.19097231
0.16657867
0.14507462
0.12620918
0.06923301
0.03858238
0.02889707
0.02337012
0.01945843
0.01664182
