0.010 0.57664077
0.020 0.57883553
0.030 0.57659331
0.040 0.59115691
0.050 0.61522366
0.060 0.64600143
0.070 0.67081619
0.080 0.70311625
0.090 0.72843471
0.100 0.75381173
0.120 0.76980629
0.140 0.77686383
0.160 0.8108934
0.180 0.88134818
0.200 0.8306514
0.250 0.73291928
0.300 0.83305418
0.350 0.78634392
0.400 0.81692989
0.450 0.8861357
0.500 1.0127975
0.600 1.5976858
0.700 1.25878845
0.800 1.1599362
0.900 0.94997701
1.000 1.14179343
1.200 0.82217971
1.400 0.76175802
1.600 0.75794675
1.800 0.82555999
2.000 0.57566278
2.200 0.44459988
2.400 0.40535586
2.600 0.36813216
2.800 0.42071866
3.000 0.36660085
3.200 0.3262905
3.400 0.27826862
3.600 0.22376618
3.800 0.22039303
4.000 0.21583145
4.500 0.19798308
5.000 0.18086337
5.500 0.20198918
6.000 0.19768202
6.500 0.18738087
7.000 0.14544585
7.500 0.12006845
8.000 0.09578343
10.000 0.04808651
12.000 0.02814844
14.000 0.01722652
16.000 0.01308083
18.000 0.01023451
20.000 0.00811675
