0.010 0.3039558
0.020 0.30533033
0.030 0.30508108
0.040 0.30537718
0.050 0.30602022
0.060 0.31619133
0.070 0.31946884
0.080 0.32908524
0.090 0.33880997
0.100 0.3084457
0.120 0.32753686
0.140 0.34886485
0.160 0.303888
0.180 0.32222583
0.200 0.30799754
0.250 0.37816445
0.300 0.38178062
0.350 0.50033907
0.400 0.48316283
0.450 0.52244307
0.500 0.63056611
0.600 0.62416789
0.700 0.89878945
0.800 0.70443711
0.900 0.43083619
1.000 0.55597938
1.200 0.74020208
1.400 0.63821904
1.600 0.5771181
1.800 0.52056279
2.000 0.46804495
2.200 0.41036366
2.400 0.43842141
2.600 0.41150417
2.800 0.36035931
3.000 0.31607634
3.200 0.28735974
3.400 0.28773051
3.600 0.2783607
3.800 0.262584
4.000 0.24627043
4.500 0.21036839
5.000 0.17511853
5.500 0.14891881
6.000 0.13897176
6.500 0.13787312
7.000 0.13889112
7.500 0.13508048
8.000 0.12082777
10.000 0.07573054
12.000 0.0475185
14.000 0.03067047
16.000 0.02328555
18.000 0.0172777
20.000 0.01309521
