0.010 0.17184281
0.020 0.17430549
0.030 0.17851686
0.040 0.17527608
0.050 0.17852714
0.060 0.1876132
0.070 0.19014378
0.080 0.21019092
0.090 0.21968199
0.100 0.1909832
0.120 0.1795833
0.140 0.1965555
0.160 0.20052863
0.180 0.20067273
0.200 0.19530065
0.250 0.26203616
0.300 0.29906345
0.350 0.26478524
0.400 0.35694077
0.450 0.41069293
0.500 0.3801331
0.600 0.56065116
0.700 0.49073715
0.800 0.36560735
0.900 0.47092972
1.000 0.58484969
1.200 0.60809203
1.400 0.36772398
1.600 0.31208672
1.800 0.37111574
2.000 0.43955249
2.200 0.60805234
2.400 0.6214988
2.600 0.56152377
2.800 0.45343768
3.000 0.36231163
3.200 0.27838455
3.400 0.21431674
3.600 0.18789331
3.800 0.18914625
4.000 0.19655118
4.500 0.1919114
5.000 0.18461531
5.500 0.17488783
6.000 0.14788232
6.500 0.1161922
7.000 0.08601122
7.500 0.07542104
8.000 0.06718341
10.000 0.0386859
12.000 0.02187923
14.000 0.01409544
16.000 0.01029575
18.000 0.00821158
20.000 0.0068239
