0.40446575
0.40625992
0.40772811
0.4096426
0.4306656
0.43599778
0.41658395
0.43825952
0.51099704
0.58129686
0.50374134
0.66292458
0.60694779
0.55103087
0.55205131
0.88063176
1.25448528
1.4461518
1.87841852
1.45621524
1.07274474
0.7749186
0.97476681
0.9273436
0.72379106
0.53134166
0.32240383
0.25160609
0.29508651
0.25358504
0.2181001
0.23928374
0.22933069
0.20356482
0.21131473
0.22560247
0.23841174
0.24001817
0.23108103
0.19253557
0.15259532
0.14479184
0.17065127
0.17296804
0.15136119
0.13068341
0.10844428
0.08684206
0.07470877
0.04118012
0.02188287
0.01469254
0.01062047
0.00795661
0.00615789
