0.010 0.51548802
0.020 0.51734298
0.030 0.51525778
0.040 0.52478421
0.050 0.53715452
0.060 0.58908237
0.070 0.54174447
0.080 0.53436942
0.090 0.6052106
0.100 0.58575811
0.120 0.72623321
0.140 0.5731243
0.160 0.69446771
0.180 0.8920933
0.200 1.26543075
0.250 1.16458531
0.300 1.08136251
0.350 1.39505883
0.400 1.06210534
0.450 0.78952254
0.500 0.80213283
0.600 1.03805181
0.700 1.25018698
0.800 1.25545492
0.900 1.04206814
1.000 0.75815814
1.200 0.64587833
1.400 0.53068994
1.600 0.53744044
1.800 0.4119145
2.000 0.38979197
2.200 0.37935454
2.400 0.33052825
2.600 0.29026072
2.800 0.26341122
3.000 0.25170441
3.200 0.25022599
3.400 0.25154607
3.600 0.25054804
3.800 0.24660539
4.000 0.23756041
4.500 0.2670907
5.000 0.25293716
5.500 0.20233218
6.000 0.16624952
6.500 0.12606281
7.000 0.09627458
7.500 0.07775522
8.000 0.06168223
10.000 0.03379941
12.000 0.02048974
14.000 0.01370016
16.000 0.00988917
18.000 0.00757186
20.000 0.00628468
