0.010 0.34144886
0.020 0.34443114
0.030 0.35054409
0.040 0.33966158
0.050 0.35211768
0.060 0.35388124
0.070 0.35773729
0.080 0.37316061
0.090 0.35440037
0.100 0.38704596
0.120 0.43108684
0.140 0.4099506
0.160 0.46102738
0.180 0.51753425
0.200 0.5452788
0.250 0.51764282
0.300 0.62285985
0.350 0.55169221
0.400 0.40194942
0.450 0.5015638
0.500 0.5366274
0.600 0.62030339
0.700 0.79313017
0.800 0.70431668
0.900 0.67087196
1.000 0.66194358
1.200 0.52354088
1.400 0.39915427
1.600 0.30081265
1.800 0.23932919
2.000 0.21469014
2.200 0.2407973
2.400 0.24418316
2.600 0.23234131
2.800 0.21110575
3.000 0.18518153
3.200 0.16188125
3.400 0.14030792
3.600 0.12327703
3.800 0.11037738
4.000 0.10182375
4.500 0.09212291
5.000 0.08548616
5.500 0.0763568
6.000 0.06606288
6.500 0.0560144
7.000 0.04922149
7.500 0.04381292
8.000 0.03938607
10.000 0.02361602
12.000 0.01529903
14.000 0.01035233
16.000 0.00735774
18.000 0.00546847
20.000 0.00423958
