0.46923655
0.47358615
0.48433289
0.47411979
0.48437015
0.49348192
0.48846548
0.53347196
0.50631607
0.5771753
0.65068868
0.57479457
0.63278088
0.63342104
0.73863278
0.77337548
0.73964725
0.7779475
0.83640334
1.09208905
0.83457202
0.85739988
1.31701599
1.32102244
1.01665693
0.67192675
0.55418858
0.49475539
0.44186822
0.46757405
0.46048975
0.439348
0.41617389
0.42072037
0.43020629
0.42469509
0.41069782
0.38688037
0.35709496
0.3223068
0.28585626
0.22842528
0.17758905
0.13595648
0.10485001
0.08216058
0.06461161
0.05332395
0.04600354
0.02765842
0.01819774
0.01310372
0.0100287
0.0080324
0.00664879
