0.22703574
0.23007286
0.23283445
0.25673863
0.26849004
0.31020796
0.3323063
0.36981582
0.32082952
0.39126871
0.45198893
0.53200859
0.55972889
0.56844818
0.69304554
0.57626957
0.63054013
0.8674317
0.7980014
0.69278585
0.62287027
0.57794697
0.39948117
0.31393202
0.26251864
0.24737942
0.30005385
0.3124308
0.28544428
0.27470077
0.22058505
0.18613681
0.1550665
0.19013896
0.20289252
0.19338784
0.15887393
0.12204918
0.09321519
0.07351335
0.05695296
0.04525081
0.03886901
0.0329901
0.03067948
0.02541987
0.02017266
0.01819728
0.01704646
0.01063295
0.0063578
0.00428275
0.00328025
0.00263213
0.00218341
