0.010 0.32325214
0.020 0.33629409
0.030 0.34210145
0.040 0.3793058
0.050 0.42740935
0.060 0.37932492
0.070 0.42614308
0.080 0.49571229
0.090 0.54005197
0.100 0.58762641
0.120 0.75556631
0.140 0.81795621
0.160 1.0084282
0.180 1.20457192
0.200 1.31263397
0.250 0.75719946
0.300 1.13481283
0.350 0.87012512
0.400 0.68959768
0.450 0.61234975
0.500 0.49998318
0.600 0.45025751
0.700 0.38829619
0.800 0.43541121
0.900 0.42691858
1.000 0.40518062
1.200 0.39015709
1.400 0.34717043
1.600 0.30681678
1.800 0.28681296
2.000 0.27393156
2.200 0.32708945
2.400 0.34213422
2.600 0.34321462
2.800 0.32306139
3.000 0.31373727
3.200 0.289952
3.400 0.25631687
3.600 0.21991872
3.800 0.18501004
4.000 0.17061048
4.500 0.13649987
5.000 0.10765664
5.500 0.08481125
6.000 0.06700515
6.500 0.05217513
7.000 0.04114169
7.500 0.03609177
8.000 0.03177122
10.000 0.0198094
12.000 0.01318343
14.000 0.00933855
16.000 0.00698813
18.000 0.00546235
20.000 0.0044237
