0.43297292
0.49630287
0.53113505
0.55341807
0.53940647
0.51037275
0.55800743
0.49138759
0.48718494
0.49618624
0.54106475
0.71968023
0.8653313
0.6912656
0.74072598
0.67505826
0.83459649
0.88987852
0.89529156
0.8901754
0.82038269
0.9923048
0.97317626
0.92004031
0.90540249
0.99704138
1.06776726
1.09159559
0.88529727
0.97561608
0.79592918
0.65664915
0.62422104
0.53401409
0.43474164
0.38022112
0.33560896
0.28363135
0.23345037
0.19385282
0.16472104
0.13817848
0.14449452
0.13408355
0.12682705
0.10393701
0.07462476
0.06195388
0.05283022
0.02479662
0.01337064
0.00951138
0.00767678
0.00662459
0.00581899
