0.010 0.38963157
0.020 0.3924317
0.030 0.40080287
0.040 0.41037301
0.050 0.3971668
0.060 0.44098205
0.070 0.39538375
0.080 0.42926459
0.090 0.42253272
0.100 0.47911234
0.120 0.46867324
0.140 0.48674824
0.160 0.44408505
0.180 0.59454624
0.200 0.67445244
0.250 0.8245645
0.300 0.888588
0.350 0.64514753
0.400 0.88184376
0.450 0.98122225
0.500 0.88034059
0.600 0.6785435
0.700 0.66929255
0.800 0.72003094
0.900 0.44393914
1.000 0.51253262
1.200 0.56792076
1.400 0.36226723
1.600 0.31673619
1.800 0.2246375
2.000 0.2036699
2.200 0.20290554
2.400 0.20382805
2.600 0.21924772
2.800 0.21682303
3.000 0.18751744
3.200 0.15214776
3.400 0.13374312
3.600 0.12488611
3.800 0.12412324
4.000 0.12657471
4.500 0.10098718
5.000 0.06536725
5.500 0.04447434
6.000 0.03180148
6.500 0.0226041
7.000 0.01848777
7.500 0.01555095
8.000 0.01532526
10.000 0.01171851
12.000 0.00724746
14.000 0.00505099
16.000 0.00401775
18.000 0.0032477
20.000 0.00269557
