0.010 0.51493802
0.020 0.51660548
0.030 0.5139946
0.040 0.55368146
0.050 0.6035962
0.060 0.67335911
0.070 0.71363592
0.080 0.62843939
0.090 0.64881712
0.100 0.79180071
0.120 0.94096402
0.140 0.88912768
0.160 1.16656581
0.180 1.11099706
0.200 0.96616552
0.250 0.71610331
0.300 0.76137692
0.350 0.65076491
0.400 0.59895979
0.450 0.46271256
0.500 0.62034659
0.600 0.65496127
0.700 0.63261298
0.800 0.4485154
0.900 0.48489089
1.000 0.44928394
1.200 0.49305348
1.400 0.41938871
1.600 0.38109921
1.800 0.36697831
2.000 0.29784912
2.200 0.24692323
2.400 0.18600066
2.600 0.1486557
2.800 0.12864314
3.000 0.11056741
3.200 0.09982015
3.400 0.08783708
3.600 0.07438032
3.800 0.06532956
4.000 0.05749161
4.500 0.04502302
5.000 0.03461365
5.500 0.03322345
6.000 0.03106619
6.500 0.02927203
7.000 0.02429492
7.500 0.0193608
8.000 0.01485416
10.000 0.00747331
12.000 0.00539541
14.000 0.00410371
16.000 0.00324809
18.000 0.00265417
20.000 0.00222482
