0.342455E-03
0.342039E-03
0.344631E-03
0.349778E-03
0.361747E-03
0.366035E-03
0.331825E-03
0.327342E-03
0.324447E-03
0.159673E-03
-0.915757E-05
0.977367E-06
0.331725E-04
-0.742863E-05
-0.872289E-04
-0.278431E-04
0.205653E-03
0.410113E-03
0.551953E-03
0.717387E-03
0.926693E-03
0.785017E-03
0.714244E-03
0.104182E-02
0.967800E-03
0.918235E-03
0.133512E-02
0.119792E-02
-0.849107E-04
-0.919925E-03
-0.135367E-03
0.326232E-03
-0.766209E-03
-0.240167E-02
-0.341721E-02
-0.302956E-02
-0.234332E-02
-0.203263E-02
-0.187679E-02
-0.219372E-02
-0.185772E-02
-0.342109E-03
0.194160E-02
0.299201E-02
0.140880E-02
-0.119103E-03
0.488625E-03
0.172507E-02
0.249586E-02
0.293080E-02
0.208521E-02
0.173762E-02
0.310960E-02
0.372998E-02
0.231632E-02
0.227337E-03
0.289263E-03
0.120793E-02
0.189802E-03
-0.259045E-03
0.744176E-03
0.136546E-02
0.183462E-02
0.192551E-02
0.133507E-02
0.740231E-03
0.144823E-02
0.255860E-02
0.131042E-02
-0.147960E-02
-0.257917E-02
-0.656689E-03
0.193027E-02
0.279386E-02
0.192952E-02
0.843884E-03
0.682273E-03
0.124189E-03
-0.106435E-02
-0.243813E-02
-0.298257E-02
-0.207447E-02
-0.250465E-02
-0.326710E-02
-0.195034E-02
-0.114460E-02
-0.194851E-02
-0.224532E-02
-0.180660E-02
-0.135407E-02
-0.163611E-02
-0.307354E-02
-0.287918E-02
-0.346598E-03
0.219221E-02
0.384378E-02
0.448963E-02
0.463116E-02
0.406996E-02
0.262207E-02
0.209624E-02
0.325353E-02
0.378080E-02
0.184875E-02
-0.133959E-02
-0.259619E-02
-0.177815E-02
-0.249354E-02
-0.349713E-02
-0.208119E-02
0.701726E-03
0.289852E-02
0.222161E-02
0.784509E-03
0.974318E-03
0.154280E-02
0.147808E-02
0.160293E-03
-0.337112E-03
0.480666E-03
0.210059E-03
-0.412744E-03
-0.129250E-02
-0.227475E-02
-0.260518E-02
-0.401708E-02
-0.339745E-02
-0.146982E-02
-0.358137E-02
-0.792806E-02
-0.123009E-01
-0.128085E-01
-0.987903E-02
-0.737119E-02
-0.377678E-02
-0.995420E-03
0.332988E-03
0.197480E-02
0.323181E-02
0.273548E-02
0.216735E-02
0.456184E-02
0.747056E-02
0.781863E-02
0.538042E-02
0.298554E-02
0.226154E-02
0.154781E-02
0.213792E-02
0.382007E-02
0.281029E-02
0.612312E-03
-0.164733E-03
0.599993E-03
0.326037E-02
0.413397E-02
0.395055E-02
0.783101E-02
0.121539E-01
0.123547E-01
0.934842E-02
0.112674E-02
-0.693308E-02
-0.686754E-02
-0.263417E-02
0.246750E-02
0.320225E-02
0.777400E-03
0.157024E-03
-0.114435E-02
-0.355725E-02
-0.856577E-02
-0.103614E-01
-0.712350E-02
-0.594315E-02
-0.681461E-02
-0.683527E-02
-0.520338E-02
-0.261021E-02
-0.313981E-03
0.821694E-03
0.333135E-02
0.518992E-02
0.565956E-02
0.321193E-02
-0.292914E-02
-0.487827E-02
-0.499748E-02
-0.805328E-02
-0.130371E-01
-0.149956E-01
-0.988999E-02
-0.330748E-02
-0.399401E-04
0.162379E-02
0.407415E-02
0.704216E-02
0.956641E-02
0.106050E-01
0.108032E-01
0.808395E-02
0.138515E-02
-0.365116E-02
-0.509541E-02
-0.235590E-02
0.137194E-02
-0.206815E-04
-0.246342E-02
-0.267922E-02
-0.424043E-02
-0.895542E-02
-0.105018E-01
-0.581806E-02
-0.258207E-02
-0.208376E-02
-0.387644E-02
-0.461309E-02
0.523484E-03
0.688949E-02
0.131879E-01
0.190772E-01
0.206071E-01
0.162602E-01
0.982793E-02
0.449936E-02
0.844932E-03
0.274374E-03
0.216142E-03
-0.137539E-02
-0.691632E-02
-0.138857E-01
-0.143336E-01
-0.910565E-02
-0.101073E-02
0.297622E-02
0.155042E-04
-0.211205E-02
-0.391933E-02
-0.639526E-02
-0.697067E-02
-0.366102E-02
0.400059E-02
0.101442E-01
0.119886E-01
0.106335E-01
0.668035E-02
0.356178E-02
0.172985E-02
-0.288311E-02
-0.484714E-02
-0.196707E-03
0.276484E-02
0.455993E-02
0.739333E-02
0.770172E-02
0.375021E-02
-0.297196E-02
-0.186850E-02
0.276754E-02
0.173634E-02
0.451690E-02
0.618970E-02
-0.356283E-03
-0.643454E-02
-0.706848E-02
0.170365E-02
0.935558E-02
0.553657E-02
0.365885E-02
0.437527E-02
0.662792E-03
-0.262508E-02
-0.368275E-02
0.342745E-03
0.710529E-02
0.792692E-02
0.180142E-02
-0.788074E-02
-0.171073E-01
-0.233395E-01
-0.260315E-01
-0.214239E-01
-0.133419E-01
-0.112276E-01
-0.104927E-01
-0.793471E-02
-0.546301E-02
-0.196127E-02
-0.152235E-02
-0.257134E-02
0.827286E-04
0.511334E-02
0.117678E-01
0.178986E-01
0.184464E-01
0.166646E-01
0.139583E-01
0.767952E-02
0.381636E-02
-0.764639E-03
-0.876060E-02
-0.101117E-01
-0.342898E-02
0.614609E-02
0.148170E-01
0.185718E-01
0.146063E-01
0.637119E-02
0.499510E-02
0.132774E-01
0.176188E-01
0.117012E-01
0.524437E-02
0.572426E-02
0.118683E-01
0.148751E-01
0.139255E-01
0.157496E-01
0.192871E-01
0.219613E-01
0.173458E-01
0.519461E-02
-0.755495E-02
-0.211285E-01
-0.292050E-01
-0.238174E-01
-0.122584E-01
-0.703354E-02
-0.117852E-01
-0.180774E-01
-0.162143E-01
-0.135597E-01
-0.122288E-01
-0.756736E-02
-0.726945E-02
0.143176E-03
0.137450E-01
0.125552E-01
0.456226E-02
-0.409720E-02
-0.718163E-02
-0.927119E-03
-0.445398E-02
-0.147009E-01
-0.182476E-01
-0.168529E-01
-0.144044E-01
-0.135985E-01
-0.137100E-01
-0.136062E-01
-0.148784E-01
-0.155961E-01
-0.505296E-02
0.135781E-01
0.232535E-01
0.200877E-01
0.160742E-01
0.185660E-01
0.198816E-01
0.128648E-01
0.369330E-02
0.916209E-02
0.256371E-01
0.357308E-01
0.420385E-01
0.425602E-01
0.329840E-01
0.221616E-01
0.134472E-01
0.114926E-01
0.146112E-01
0.120682E-01
0.679264E-02
0.989171E-04
-0.116794E-01
-0.134972E-01
0.468794E-02
0.224667E-01
0.197526E-01
0.346404E-02
-0.802449E-02
-0.499010E-02
0.732281E-02
0.129413E-01
0.947442E-02
0.478584E-02
0.805826E-03
-0.385921E-02
-0.710462E-02
0.278109E-02
0.107281E-01
0.666424E-03
-0.571715E-02
-0.583948E-03
0.550663E-02
0.612225E-02
-0.401820E-02
-0.251891E-01
-0.458445E-01
-0.530029E-01
-0.522632E-01
-0.516477E-01
-0.492636E-01
-0.432911E-01
-0.354810E-01
-0.317045E-01
-0.286200E-01
-0.268463E-01
-0.252546E-01
-0.997236E-02
0.783306E-02
0.104213E-01
0.319857E-02
-0.418321E-02
-0.108405E-01
-0.134909E-01
-0.822199E-02
-0.400033E-02
-0.720538E-02
-0.190611E-01
-0.371436E-01
-0.495945E-01
-0.532196E-01
-0.520559E-01
-0.516221E-01
-0.604517E-01
-0.667631E-01
-0.597198E-01
-0.533604E-01
-0.536268E-01
-0.499965E-01
-0.366991E-01
-0.212352E-01
-0.124315E-01
-0.168946E-01
-0.299986E-01
-0.359904E-01
-0.368632E-01
-0.410316E-01
-0.398201E-01
-0.262212E-01
-0.703557E-02
0.124177E-01
0.235300E-01
0.258400E-01
0.344846E-01
0.517047E-01
0.756678E-01
0.956346E-01
0.986850E-01
0.934460E-01
0.869088E-01
0.830567E-01
0.775911E-01
0.613525E-01
0.421870E-01
0.295851E-01
0.161150E-01
-0.753484E-02
-0.252411E-01
-0.230725E-01
-0.100011E-01
-0.151365E-02
-0.127952E-02
0.115098E-01
0.426561E-01
0.730848E-01
0.869008E-01
0.794225E-01
0.676729E-01
0.642974E-01
0.615207E-01
0.585771E-01
0.582549E-01
0.587554E-01
0.585279E-01
0.542114E-01
0.498262E-01
0.525810E-01
0.584830E-01
0.575345E-01
0.492538E-01
0.388843E-01
0.243080E-01
0.945982E-02
-0.352844E-02
-0.184933E-01
-0.228454E-01
-0.922325E-02
0.140110E-01
0.373178E-01
0.532453E-01
0.633475E-01
0.713386E-01
0.762841E-01
0.785200E-01
0.795647E-01
0.790075E-01
0.806616E-01
0.863235E-01
0.881753E-01
0.779194E-01
0.522859E-01
0.133283E-01
-0.365817E-01
-0.929111E-01
-0.146673E+00
-0.192698E+00
-0.225495E+00
-0.239168E+00
-0.237062E+00
-0.223058E+00
-0.192375E+00
-0.140106E+00
-0.809520E-01
-0.362258E-01
0.110596E-02
0.430383E-01
0.741153E-01
0.838664E-01
0.773429E-01
0.508288E-01
0.109863E-01
-0.301445E-01
-0.710412E-01
-0.108527E+00
-0.139816E+00
-0.158550E+00
-0.162237E+00
-0.158401E+00
-0.158603E+00
-0.171392E+00
-0.184588E+00
-0.175863E+00
-0.138264E+00
-0.906238E-01
-0.590006E-01
-0.364946E-01
0.425886E-02
0.494900E-01
0.604316E-01
0.497802E-01
0.362511E-01
0.185498E-01
0.147770E-01
0.216141E-01
0.297641E-01
0.381261E-01
0.474892E-01
0.639134E-01
0.733926E-01
0.648825E-01
0.457671E-01
0.268994E-01
0.590285E-02
-0.206067E-01
-0.504311E-01
-0.781744E-01
-0.892808E-01
-0.820370E-01
-0.659991E-01
-0.434121E-01
-0.158797E-01
0.747766E-02
0.246770E-01
0.337926E-01
0.313586E-01
0.251231E-01
0.112662E-01
-0.111700E-01
-0.300567E-01
-0.458092E-01
-0.648978E-01
-0.770732E-01
-0.673283E-01
-0.412063E-01
-0.429555E-02
0.219543E-01
0.237975E-01
0.252800E-01
0.333217E-01
0.402332E-01
0.393505E-01
0.354705E-01
0.295795E-01
0.159661E-01
0.389753E-02
-0.689898E-02
-0.156697E-01
-0.135520E-01
0.189261E-02
0.276050E-01
0.598766E-01
0.958422E-01
0.137233E+00
0.181491E+00
0.219286E+00
0.249049E+00
0.264877E+00
0.265580E+00
0.250746E+00
0.213376E+00
0.160286E+00
0.106745E+00
0.796147E-01
0.772357E-01
0.652965E-01
0.620212E-01
0.794938E-01
0.737489E-01
0.489802E-01
0.387110E-01
0.332484E-01
0.262672E-01
0.225846E-01
0.100112E-01
-0.114709E-01
-0.383828E-01
-0.666508E-01
-0.864264E-01
-0.946925E-01
-0.796346E-01
-0.407320E-01
0.106001E-01
0.601189E-01
0.885977E-01
0.931724E-01
0.891965E-01
0.757878E-01
0.390221E-01
-0.566373E-02
-0.486038E-01
-0.914110E-01
-0.129370E+00
-0.162844E+00
-0.181960E+00
-0.182191E+00
-0.159531E+00
-0.115381E+00
-0.701666E-01
-0.418334E-01
-0.287191E-01
-0.210961E-01
-0.345741E-01
-0.688363E-01
-0.917307E-01
-0.935238E-01
-0.954422E-01
-0.104423E+00
-0.107334E+00
-0.106479E+00
-0.979223E-01
-0.816501E-01
-0.650685E-01
-0.533189E-01
-0.551809E-01
-0.615555E-01
-0.723288E-01
-0.882323E-01
-0.104003E+00
-0.119173E+00
-0.126757E+00
-0.124541E+00
-0.115547E+00
-0.112292E+00
-0.116393E+00
-0.110508E+00
-0.887359E-01
-0.579522E-01
-0.317510E-01
-0.204785E-01
-0.152445E-01
-0.744984E-02
-0.395617E-02
-0.126865E-01
-0.292726E-01
-0.435833E-01
-0.501250E-01
-0.511998E-01
-0.530736E-01
-0.534011E-01
-0.514786E-01
-0.504833E-01
-0.499682E-01
-0.464853E-01
-0.339671E-01
-0.180603E-01
-0.987123E-02
-0.901028E-02
-0.880138E-02
-0.436142E-02
0.504505E-02
0.181577E-01
0.373372E-01
0.688910E-01
0.113285E+00
0.156254E+00
0.186052E+00
0.203485E+00
0.202322E+00
0.175740E+00
0.133966E+00
0.101461E+00
0.967424E-01
0.108958E+00
0.121071E+00
0.135049E+00
0.143193E+00
0.130786E+00
0.107617E+00
0.910944E-01
0.880158E-01
0.908995E-01
0.853518E-01
0.662622E-01
0.359812E-01
0.145873E-02
-0.241949E-01
-0.303432E-01
-0.302992E-01
-0.379675E-01
-0.444343E-01
-0.420887E-01
-0.272641E-01
-0.404186E-02
0.162259E-01
0.264595E-01
0.278334E-01
0.345259E-01
0.515308E-01
0.652312E-01
0.633983E-01
0.394413E-01
-0.623966E-02
-0.587693E-01
-0.945673E-01
-0.106667E+00
-0.112512E+00
-0.119756E+00
-0.116819E+00
-0.937412E-01
-0.562878E-01
-0.296155E-01
-0.232179E-01
-0.309601E-01
-0.493067E-01
-0.597834E-01
-0.508984E-01
-0.326574E-01
-0.181191E-01
-0.430487E-02
0.160420E-01
0.375012E-01
0.529704E-01
0.559945E-01
0.492165E-01
0.384141E-01
0.343723E-01
0.434626E-01
0.556690E-01
0.648235E-01
0.670641E-01
0.563347E-01
0.307004E-01
0.190053E-02
-0.170760E-01
-0.242118E-01
-0.215571E-01
-0.916406E-02
0.131182E-01
0.397735E-01
0.672521E-01
0.822821E-01
0.723271E-01
0.480289E-01
0.179899E-01
-0.149961E-01
-0.389576E-01
-0.473276E-01
-0.490293E-01
-0.502025E-01
-0.525609E-01
-0.613641E-01
-0.745779E-01
-0.919825E-01
-0.117166E+00
-0.139282E+00
-0.135359E+00
-0.932444E-01
-0.447460E-01
-0.236236E-01
-0.428025E-02
0.229048E-01
0.355756E-01
0.402817E-01
0.416160E-01
0.433125E-01
0.446587E-01
0.308592E-01
0.682736E-03
-0.324758E-01
-0.441615E-01
-0.360333E-01
-0.317903E-01
-0.270220E-01
-0.184181E-01
-0.376595E-01
-0.716450E-01
-0.695373E-01
-0.499137E-01
-0.426322E-01
-0.218845E-01
0.135158E-01
0.473997E-01
0.908190E-01
0.130615E+00
0.164847E+00
0.188184E+00
0.183847E+00
0.150846E+00
0.858456E-01
0.253113E-01
-0.468657E-02
-0.140406E-01
-0.225745E-01
-0.281755E-01
-0.126914E-01
0.158779E-01
0.419231E-01
0.519038E-01
0.522603E-01
0.528089E-01
0.495093E-01
0.463856E-01
0.581783E-01
0.808872E-01
0.958812E-01
0.981189E-01
0.962355E-01
0.907165E-01
0.797954E-01
0.703614E-01
0.503073E-01
0.142701E-01
-0.266303E-01
-0.508654E-01
-0.518174E-01
-0.452631E-01
-0.360166E-01
-0.290297E-01
-0.245651E-01
-0.335660E-01
-0.493659E-01
-0.526111E-01
-0.542617E-01
-0.561616E-01
-0.559637E-01
-0.532725E-01
-0.469980E-01
-0.440040E-01
-0.448406E-01
-0.437895E-01
-0.361969E-01
-0.293481E-01
-0.283250E-01
-0.247036E-01
-0.152033E-01
-0.377807E-02
0.205460E-02
-0.719393E-02
-0.229421E-01
-0.228727E-01
-0.126745E-01
-0.142295E-01
-0.221881E-01
-0.222290E-01
-0.201854E-01
-0.249205E-01
-0.349892E-01
-0.442550E-01
-0.509891E-01
-0.566131E-01
-0.580990E-01
-0.576534E-01
-0.563417E-01
-0.574576E-01
-0.680239E-01
-0.813814E-01
-0.889479E-01
-0.877314E-01
-0.773538E-01
-0.594939E-01
-0.385601E-01
-0.161950E-01
0.516951E-02
0.176426E-01
0.205161E-01
0.144667E-01
0.211643E-02
-0.796152E-02
-0.125711E-01
-0.179130E-01
-0.243414E-01
-0.268557E-01
-0.264592E-01
-0.189583E-01
-0.934180E-02
-0.322043E-02
0.632911E-02
0.143664E-01
0.175173E-01
0.198861E-01
0.190679E-01
0.955776E-02
-0.383995E-02
-0.106225E-01
-0.131277E-01
-0.101660E-01
0.466229E-02
0.185310E-01
0.173433E-01
0.116832E-01
0.157083E-01
0.228142E-01
0.226276E-01
0.199971E-01
0.179296E-01
0.139024E-01
0.108231E-01
0.135236E-01
0.248107E-01
0.383961E-01
0.508148E-01
0.628225E-01
0.738927E-01
0.846200E-01
0.920450E-01
0.101337E+00
0.113542E+00
0.123833E+00
0.130061E+00
0.127397E+00
0.120330E+00
0.115266E+00
0.112102E+00
0.105387E+00
0.919666E-01
0.771025E-01
0.677009E-01
0.670614E-01
0.681641E-01
0.660313E-01
0.648533E-01
0.670666E-01
0.737653E-01
0.785713E-01
0.740493E-01
0.649299E-01
0.590553E-01
0.565172E-01
0.535488E-01
0.505798E-01
0.397844E-01
0.166598E-01
-0.121453E-01
-0.404346E-01
-0.643027E-01
-0.879673E-01
-0.106889E+00
-0.112779E+00
-0.108224E+00
-0.980328E-01
-0.864818E-01
-0.770477E-01
-0.705602E-01
-0.636332E-01
-0.542316E-01
-0.452513E-01
-0.388187E-01
-0.315025E-01
-0.219828E-01
-0.102768E-01
0.677142E-02
0.287898E-01
0.539377E-01
0.825516E-01
0.114200E+00
0.141604E+00
0.156173E+00
0.157107E+00
0.142831E+00
0.113614E+00
0.792332E-01
0.498337E-01
0.265527E-01
0.743384E-02
-0.853744E-03
-0.162165E-02
-0.898144E-02
-0.234254E-01
-0.424207E-01
-0.612760E-01
-0.731056E-01
-0.762656E-01
-0.663382E-01
-0.483493E-01
-0.347441E-01
-0.227584E-01
-0.466055E-02
0.169638E-01
0.436481E-01
0.723776E-01
0.909736E-01
0.973217E-01
0.890536E-01
0.642846E-01
0.293971E-01
-0.652114E-02
-0.350152E-01
-0.473959E-01
-0.426958E-01
-0.298908E-01
-0.105897E-01
0.675202E-02
0.606487E-02
-0.945235E-02
-0.312028E-01
-0.593480E-01
-0.893626E-01
-0.110700E+00
-0.115819E+00
-0.105888E+00
-0.895842E-01
-0.755009E-01
-0.659998E-01
-0.623020E-01
-0.683935E-01
-0.788768E-01
-0.841164E-01
-0.782027E-01
-0.624709E-01
-0.524731E-01
-0.476081E-01
-0.324456E-01
-0.990898E-02
0.120187E-01
0.279891E-01
0.406829E-01
0.559134E-01
0.690528E-01
0.781777E-01
0.811576E-01
0.736757E-01
0.594034E-01
0.496483E-01
0.468414E-01
0.423166E-01
0.324710E-01
0.187343E-01
0.667189E-02
-0.129679E-02
-0.145516E-01
-0.377417E-01
-0.637988E-01
-0.827738E-01
-0.947356E-01
-0.105970E+00
-0.105403E+00
-0.860824E-01
-0.559407E-01
-0.288849E-01
-0.158012E-01
-0.983685E-02
-0.532641E-02
0.720320E-03
0.835777E-02
0.151544E-01
0.224401E-01
0.258877E-01
0.233599E-01
0.206817E-01
0.247902E-01
0.330970E-01
0.402509E-01
0.508887E-01
0.637860E-01
0.746702E-01
0.860770E-01
0.994356E-01
0.118797E+00
0.136868E+00
0.144242E+00
0.148616E+00
0.148286E+00
0.141833E+00
0.132829E+00
0.113845E+00
0.896915E-01
0.716221E-01
0.621966E-01
0.584583E-01
0.555748E-01
0.513072E-01
0.475549E-01
0.498858E-01
0.577900E-01
0.672137E-01
0.722085E-01
0.650835E-01
0.488642E-01
0.307600E-01
0.107943E-01
-0.118619E-01
-0.283466E-01
-0.285818E-01
-0.165272E-01
0.694970E-04
0.173973E-01
0.343574E-01
0.471339E-01
0.498375E-01
0.460030E-01
0.447600E-01
0.457181E-01
0.424371E-01
0.390113E-01
0.384198E-01
0.369962E-01
0.284327E-01
0.525041E-02
-0.339529E-01
-0.820579E-01
-0.125135E+00
-0.152089E+00
-0.156961E+00
-0.150268E+00
-0.140881E+00
-0.112577E+00
-0.707871E-01
-0.466179E-01
-0.461829E-01
-0.537656E-01
-0.561133E-01
-0.505030E-01
-0.424959E-01
-0.406775E-01
-0.408624E-01
-0.338110E-01
-0.295521E-01
-0.315296E-01
-0.368854E-01
-0.417557E-01
-0.420541E-01
-0.459789E-01
-0.532809E-01
-0.609807E-01
-0.637692E-01
-0.547201E-01
-0.375554E-01
-0.160452E-01
0.104635E-01
0.365616E-01
0.576438E-01
0.785969E-01
0.971473E-01
0.105303E+00
0.101289E+00
0.947421E-01
0.925954E-01
0.915965E-01
0.872763E-01
0.798415E-01
0.783598E-01
0.834447E-01
0.867142E-01
0.853189E-01
0.779033E-01
0.641077E-01
0.517167E-01
0.434578E-01
0.279614E-01
0.557602E-03
-0.315633E-01
-0.609342E-01
-0.830327E-01
-0.961184E-01
-0.104479E+00
-0.111944E+00
-0.110464E+00
-0.911874E-01
-0.585016E-01
-0.284935E-01
-0.112388E-01
-0.200687E-02
0.105340E-01
0.259450E-01
0.298402E-01
0.261186E-01
0.258260E-01
0.273688E-01
0.346701E-01
0.471824E-01
0.544977E-01
0.529303E-01
0.417453E-01
0.206120E-01
-0.130603E-02
-0.170967E-01
-0.332216E-01
-0.503327E-01
-0.604551E-01
-0.639839E-01
-0.617116E-01
-0.554176E-01
-0.513266E-01
-0.427876E-01
-0.310219E-01
-0.250210E-01
-0.200873E-01
-0.226105E-01
-0.324368E-01
-0.312808E-01
-0.267852E-01
-0.339662E-01
-0.493625E-01
-0.671230E-01
-0.795747E-01
-0.846718E-01
-0.865584E-01
-0.857426E-01
-0.756424E-01
-0.583414E-01
-0.417916E-01
-0.265801E-01
-0.160113E-01
-0.787744E-02
-0.671831E-02
-0.166841E-01
-0.314897E-01
-0.466525E-01
-0.572673E-01
-0.688607E-01
-0.803714E-01
-0.887331E-01
-0.931995E-01
-0.847999E-01
-0.684778E-01
-0.444460E-01
-0.134960E-01
0.693633E-02
0.180029E-01
0.362798E-01
0.598100E-01
0.692010E-01
0.634702E-01
0.506577E-01
0.325843E-01
0.165423E-01
0.218164E-02
-0.710796E-02
-0.121371E-01
-0.204321E-01
-0.301254E-01
-0.351343E-01
-0.250467E-01
-0.982247E-02
-0.149864E-02
0.116041E-02
-0.277221E-02
-0.384148E-02
-0.284644E-03
0.229174E-03
-0.432278E-02
-0.100191E-01
-0.119409E-01
-0.111905E-01
-0.438493E-02
0.895378E-02
0.202166E-01
0.244673E-01
0.279355E-01
0.394414E-01
0.593069E-01
0.794385E-01
0.883091E-01
0.830360E-01
0.671485E-01
0.432118E-01
0.141548E-01
-0.154871E-01
-0.407292E-01
-0.657241E-01
-0.999416E-01
-0.138560E+00
-0.171338E+00
-0.192765E+00
-0.174605E+00
-0.102120E+00
-0.351914E-01
-0.174962E-01
-0.202797E-01
-0.166122E-01
0.196495E-01
0.608877E-01
0.552874E-01
0.427186E-01
0.320996E-01
0.123144E-01
0.774988E-02
0.207958E-02
-0.173943E-01
-0.317047E-01
-0.200494E-01
-0.397192E-02
-0.118678E-02
-0.297701E-02
-0.536794E-02
0.596082E-03
0.137699E-02
-0.104579E-01
-0.295689E-01
-0.472763E-01
-0.530805E-01
-0.531841E-01
-0.568243E-01
-0.658187E-01
-0.710923E-01
-0.703441E-01
-0.648842E-01
-0.575541E-01
-0.544491E-01
-0.539969E-01
-0.548152E-01
-0.570819E-01
-0.612612E-01
-0.643662E-01
-0.632918E-01
-0.597670E-01
-0.520026E-01
-0.337529E-01
-0.161109E-01
-0.151588E-01
-0.181069E-01
-0.188052E-01
-0.215658E-01
-0.236758E-01
-0.272721E-01
-0.290172E-01
-0.354577E-01
-0.392175E-01
-0.235987E-01
-0.593267E-02
0.494883E-02
0.102954E-01
0.168405E-01
0.380781E-01
0.555502E-01
0.657142E-01
0.785127E-01
0.801050E-01
0.746672E-01
0.741635E-01
0.770631E-01
0.751348E-01
0.703004E-01
0.695339E-01
0.676432E-01
0.672393E-01
0.660271E-01
0.575307E-01
0.434907E-01
0.221968E-01
0.361570E-02
-0.452424E-02
-0.533807E-02
0.471319E-02
0.183149E-01
0.285222E-01
0.350039E-01
0.346185E-01
0.321608E-01
0.333124E-01
0.394053E-01
0.455016E-01
0.497329E-01
0.547270E-01
0.566273E-01
0.524789E-01
0.447079E-01
0.345362E-01
0.189604E-01
0.175506E-03
-0.145505E-01
-0.224664E-01
-0.195511E-01
-0.593503E-02
0.946442E-02
0.211761E-01
0.251518E-01
0.239035E-01
0.246903E-01
0.234913E-01
0.154815E-01
0.830007E-02
0.643696E-02
0.532469E-02
0.362252E-02
0.344156E-03
-0.334213E-02
-0.648041E-02
-0.103022E-01
-0.162930E-01
-0.271362E-01
-0.382922E-01
-0.453913E-01
-0.462031E-01
-0.417027E-01
-0.364942E-01
-0.295781E-01
-0.226116E-01
-0.160336E-01
-0.851259E-02
-0.308750E-02
-0.197932E-02
-0.447010E-02
-0.618294E-02
-0.692839E-02
-0.438571E-02
0.766757E-02
0.242088E-01
0.370742E-01
0.449672E-01
0.470559E-01
0.401720E-01
0.229631E-01
0.320215E-02
-0.884681E-02
-0.118382E-01
-0.812582E-02
-0.288731E-02
0.352474E-02
0.148768E-01
0.267001E-01
0.379234E-01
0.462255E-01
0.437811E-01
0.317192E-01
0.151523E-01
-0.159839E-02
-0.125687E-01
-0.142922E-01
-0.115862E-01
-0.650056E-02
-0.195602E-02
-0.114746E-01
-0.290231E-01
-0.392398E-01
-0.475335E-01
-0.561115E-01
-0.556079E-01
-0.458943E-01
-0.355834E-01
-0.287474E-01
-0.217255E-01
-0.137829E-01
-0.953243E-02
-0.646669E-02
-0.441678E-02
-0.346563E-02
-0.922988E-04
0.101990E-02
0.266339E-02
0.946703E-02
0.177675E-01
0.255031E-01
0.285111E-01
0.248447E-01
0.171636E-01
0.460802E-02
-0.108725E-01
-0.212440E-01
-0.228818E-01
-0.178986E-01
-0.425625E-02
0.157278E-01
0.318004E-01
0.423363E-01
0.484148E-01
0.513681E-01
0.521806E-01
0.499111E-01
0.427888E-01
0.294541E-01
0.185873E-01
0.149906E-01
0.177269E-01
0.245339E-01
0.270247E-01
0.208059E-01
0.111810E-01
0.364976E-02
-0.409261E-02
-0.124293E-01
-0.205900E-01
-0.277364E-01
-0.365236E-01
-0.488052E-01
-0.534004E-01
-0.469732E-01
-0.345501E-01
-0.166486E-01
0.218375E-03
0.835221E-02
0.121043E-01
0.122139E-01
0.736786E-02
0.400032E-02
-0.389846E-03
-0.920084E-02
-0.191169E-01
-0.255695E-01
-0.242091E-01
-0.177274E-01
-0.137804E-01
-0.141095E-01
-0.179618E-01
-0.263456E-01
-0.348827E-01
-0.405733E-01
-0.470907E-01
-0.553876E-01
-0.607438E-01
-0.633953E-01
-0.666895E-01
-0.690577E-01
-0.669529E-01
-0.588900E-01
-0.459197E-01
-0.325794E-01
-0.244803E-01
-0.194636E-01
-0.174629E-01
-0.181462E-01
-0.170442E-01
-0.173546E-01
-0.205876E-01
-0.255140E-01
-0.307518E-01
-0.320061E-01
-0.294170E-01
-0.286510E-01
-0.281931E-01
-0.251672E-01
-0.244187E-01
-0.257196E-01
-0.259180E-01
-0.220145E-01
-0.147361E-01
-0.858955E-02
-0.633367E-02
-0.645708E-02
-0.281511E-02
0.392128E-02
0.125942E-01
0.205619E-01
0.232574E-01
0.230727E-01
0.183171E-01
0.897002E-02
0.104628E-02
-0.369058E-02
-0.738193E-02
-0.106022E-01
-0.109508E-01
-0.737316E-02
-0.296944E-02
-0.261642E-02
-0.460085E-02
-0.867613E-02
-0.139796E-01
-0.162668E-01
-0.195874E-01
-0.189235E-01
-0.111064E-01
-0.127666E-02
0.958677E-02
0.179322E-01
0.251139E-01
0.301230E-01
0.337504E-01
0.374118E-01
0.381900E-01
0.354369E-01
0.286332E-01
0.226080E-01
0.155737E-01
0.792235E-02
0.385149E-02
0.195074E-02
0.465738E-02
0.137085E-01
0.279766E-01
0.402825E-01
0.458985E-01
0.483651E-01
0.459866E-01
0.356519E-01
0.239666E-01
0.158822E-01
0.112363E-01
0.117342E-01
0.135180E-01
0.144351E-01
0.176052E-01
0.214711E-01
0.213015E-01
0.196248E-01
0.244467E-01
0.327643E-01
0.408844E-01
0.4751
