0.72964173
0.92242747
1.38231746
1.23588418
1.98333008
1.87250881
2.77468894
2.16463224
1.75460637
1.64630868
1.60907656
1.14939391
1.41725924
1.36489637
1.22562058
1.02622809
1.48014544
1.36037976
1.12933716
0.86496323
0.84673592
1.02847287
1.11352696
0.93988414
0.84489558
0.7863048
0.58244906
0.48806623
0.53909996
0.36270203
0.20748435
0.16391544
0.15040366
0.14551433
0.14864
0.16518373
0.18273628
0.18846133
0.20348868
0.20924438
0.20670838
0.16757498
0.12391715
0.09291172
0.07961879
0.06634143
0.05494309
0.04501938
0.0368078
0.01780901
0.01087343
0.00775025
0.00613043
0.00512276
0.00437724
