0.38088602
0.45999004
0.68193807
0.72864908
0.87723562
0.78952101
0.67021961
0.60981885
0.63211745
0.58017995
0.62841608
0.62230537
0.41838493
0.45177274
0.53604403
0.34606556
0.41340848
0.38725772
0.44295931
0.56142855
0.777255
0.64182682
0.55084871
0.44762162
0.35426406
0.28247258
0.18479578
0.15412358
0.15245625
0.15414691
0.12756996
0.09996739
0.08085856
0.06896886
0.05881132
0.04937878
0.04121821
0.03432878
0.03254809
0.03275547
0.02940194
0.01978149
0.01377947
0.01151511
0.00938315
0.00770535
0.00646073
0.00554708
0.00486764
0.00334068
0.00256805
0.00206998
0.00171962
0.00145495
0.00124975
