0.46535127
0.71173783
0.57771021
0.70249489
0.72706152
0.85166795
0.92561359
0.8181053
1.14310915
0.94830799
1.01091461
1.40649253
1.0607359
1.05249899
0.89559136
1.05095563
1.38542784
1.58382394
1.90578181
1.61364382
1.51483817
1.36733487
1.28569607
1.09495429
0.96018059
0.6250033
0.4813869
0.35520647
0.20904354
0.15660909
0.13297488
0.11341836
0.11792202
0.11757217
0.09867415
0.08819
0.08561325
0.08480944
0.07584759
0.06184469
0.04682793
0.03488139
0.02666259
0.01988361
0.01502206
0.01172011
0.00946651
0.00789421
0.00676144
0.00441243
0.0031852
0.00251043
0.00206033
0.00173934
0.00149988
