0.50602344
0.50678422
0.55823688
0.62697775
0.6881293
0.72868176
1.01033735
0.8401215
1.09196706
1.09050553
1.50726681
1.84811312
1.5757265
1.30847033
0.94972949
1.35763616
1.14329677
1.48421498
1.4453437
1.59008353
1.43878468
1.06393372
0.92907792
0.72898694
0.49844711
0.3887684
0.35754848
0.24494013
0.12232412
0.0699107
0.05676098
0.04803569
0.04657038
0.0534643
0.05773489
0.05633715
0.04958289
0.03994165
0.03164701
0.02991479
0.02809159
0.02235757
0.01665381
0.01225963
0.00931341
0.00745125
0.00627332
0.00552845
0.00500442
0.00372372
0.00293383
0.00241912
0.00205359
0.0017832
0.00157611
