0.64612665
0.64795645
0.66243045
0.67116747
0.72347635
0.77891292
0.78365461
0.77357617
0.80564472
0.88000075
0.74274094
0.91118932
1.01839106
1.10962441
1.02612799
1.8568015
2.17680105
1.66386496
1.67108407
1.61831159
1.44859643
1.08933502
1.09405406
0.61095451
0.5133422
0.39937124
0.25485567
0.25030827
0.17942725
0.19010308
0.172628
0.16967931
0.1405756
0.1105861
0.08619152
0.07066946
0.06187275
0.05601128
0.05061674
0.04466315
0.03819723
0.0272236
0.02196407
0.01874456
0.01557393
0.01263327
0.0101265
0.00918557
0.00829078
0.00551554
0.00385498
0.00286157
0.00222971
0.00183917
0.00158359
