0.48285786
0.48823638
0.50944885
0.51805064
0.53786343
0.50135551
0.59910339
0.6476248
0.58792751
0.61824682
0.77534726
0.84913978
0.96627838
0.95371776
1.03091833
0.99417123
0.99231518
0.78736597
0.80513907
0.70519394
1.04074616
1.38251603
1.33826111
1.3283766
0.90517775
0.55163981
0.42949249
0.38859202
0.27021255
0.17135448
0.12309716
0.09114446
0.09441495
0.08761458
0.08970043
0.08092714
0.07428003
0.06904923
0.07125571
0.06391017
0.05247091
0.03870045
0.03514121
0.0307839
0.02656267
0.02364267
0.01962752
0.01717307
0.01495504
0.01003139
0.00608118
0.00444025
0.00345955
0.00281384
0.00236319
