0.010 1.50661662
0.020 1.5217462
0.030 1.94236143
0.040 1.89920325
0.050 2.28312427
0.060 2.47837747
0.070 2.54496341
0.080 2.62284324
0.090 2.83482499
0.100 2.72503971
0.120 3.01751422
0.140 3.11928572
0.160 2.74540473
0.180 2.69700227
0.200 2.71191049
0.250 3.26183771
0.300 2.76512096
0.350 2.08130077
0.400 1.54203518
0.450 1.43568448
0.500 1.57532475
0.600 1.21128643
0.700 1.15571661
0.800 0.94459463
0.900 0.85202833
1.000 0.74981386
1.200 0.56911615
1.400 0.49416794
1.600 0.39692784
1.800 0.3048993
2.000 0.2422636
2.200 0.20485041
2.400 0.18777188
2.600 0.18952213
2.800 0.19220162
3.000 0.18796099
3.200 0.20143671
3.400 0.20705156
3.600 0.19935891
3.800 0.18557584
4.000 0.17278164
4.500 0.13821233
5.000 0.11774234
5.500 0.09698785
6.000 0.07709021
6.500 0.05950432
7.000 0.04624967
7.500 0.03711026
8.000 0.03212781
10.000 0.01937951
12.000 0.01269176
14.000 0.00881402
16.000 0.00644209
18.000 0.00490967
20.000 0.00390852
