1.07088589
1.06963578
1.3427183
1.31601347
1.73161289
1.94717279
2.04250487
2.1083878
2.09263094
1.98858529
1.8748044
2.04950991
1.90578104
1.34261815
0.93849291
1.26561909
1.10308152
1.00938923
0.78504489
0.8526426
0.54316805
0.36989338
0.28155267
0.41143263
0.36855748
0.33569588
0.28114676
0.26114243
0.24176476
0.2467747
0.24998505
0.22305807
0.20508686
0.19443681
0.15918432
0.12821229
0.10553161
0.09189309
0.07952145
0.0684359
0.05956617
0.05055627
0.05910529
0.04961975
0.03966366
0.02871224
0.01980114
0.01519093
0.01310999
0.00798082
0.00543679
0.00400342
0.00310801
0.00250776
0.00208322
