0.010 0.75279235
0.020 0.75422193
0.030 0.7729696
0.040 0.812678
0.050 0.79625353
0.060 0.88901194
0.070 0.93150175
0.080 0.9981759
0.090 0.99127188
0.100 1.03498665
0.120 1.06595511
0.140 1.06674255
0.160 1.29648073
0.180 1.73337775
0.200 1.57247598
0.250 1.29266949
0.300 1.25544513
0.350 1.29397272
0.400 1.24419248
0.450 1.28121989
0.500 1.42634414
0.600 1.70866028
0.700 1.74435923
0.800 1.58299651
0.900 1.35468126
1.000 1.13921332
1.200 0.78351435
1.400 0.54504388
1.600 0.39166717
1.800 0.37178547
2.000 0.24868199
2.200 0.20010505
2.400 0.14944912
2.600 0.13433968
2.800 0.12050894
3.000 0.10790379
3.200 0.09653368
3.400 0.0863799
3.600 0.07738296
3.800 0.06945381
4.000 0.0624884
4.500 0.04859465
5.000 0.0385501
5.500 0.03119794
6.000 0.02572536
6.500 0.0216622
7.000 0.01852527
7.500 0.01606045
8.000 0.01409202
10.000 0.00925321
12.000 0.00678356
14.000 0.00531367
16.000 0.0043516
18.000 0.00369666
20.000 0.00321474
