0.010 0.93464993
0.020 0.94761547
0.030 1.021676
0.040 1.16528701
0.050 1.2957622
0.060 1.23448059
0.070 1.36563006
0.080 1.45326814
0.090 1.48812494
0.100 1.60511615
0.120 1.69784327
0.140 1.87799495
0.160 1.62514398
0.180 1.86489851
0.200 2.18845195
0.250 2.10205898
0.300 2.83852969
0.350 1.91372433
0.400 1.91638324
0.450 2.25835836
0.500 1.56183812
0.600 1.1270871
0.700 1.21422495
0.800 1.41045042
0.900 1.0600321
1.000 0.63129406
1.200 0.53188167
1.400 0.28270517
1.600 0.24329903
1.800 0.25138993
2.000 0.20263001
2.200 0.26801179
2.400 0.31708127
2.600 0.31465535
2.800 0.29507728
3.000 0.25690019
3.200 0.19811162
3.400 0.1712022
3.600 0.15061521
3.800 0.12391627
4.000 0.09692407
4.500 0.07448701
5.000 0.05376578
5.500 0.03725141
6.000 0.03028996
6.500 0.02491648
7.000 0.02098266
7.500 0.01833345
8.000 0.01601599
10.000 0.00967997
12.000 0.00799891
14.000 0.00653084
16.000 0.00535631
18.000 0.00447364
20.000 0.00381864
