0.010 0.34742971
0.020 0.35390225
0.030 0.37678599
0.040 0.34897848
0.050 0.41816732
0.060 0.45980048
0.070 0.56404213
0.080 0.62208354
0.090 0.64525185
0.100 0.80737339
0.120 0.59589221
0.140 0.7356792
0.160 0.97256325
0.180 0.99659465
0.200 1.04526071
0.250 0.97508026
0.300 0.99598558
0.350 1.15094836
0.400 0.81891289
0.450 0.78268508
0.500 0.69563284
0.600 0.55525451
0.700 0.48949111
0.800 0.39435989
0.900 0.34764741
1.000 0.30923866
1.200 0.42357432
1.400 0.44811133
1.600 0.28775086
1.800 0.21034778
2.000 0.18206392
2.200 0.15323361
2.400 0.16715708
2.600 0.15599746
2.800 0.11293207
3.000 0.10798112
3.200 0.08451173
3.400 0.07881019
3.600 0.06680481
3.800 0.05547878
4.000 0.04395112
4.500 0.03777129
5.000 0.04600245
5.500 0.03683991
6.000 0.02434383
6.500 0.01628361
7.000 0.01376437
7.500 0.01132851
8.000 0.00928527
10.000 0.00502489
12.000 0.00357896
14.000 0.00274694
16.000 0.0022104
18.000 0.0018402
20.000 0.00157141
