0.010 0.98348766
0.020 1.17159197
0.030 1.53572553
0.040 1.40518815
0.050 1.68997078
0.060 1.78324579
0.070 1.34637877
0.080 1.46694081
0.090 1.46156732
0.100 1.72405428
0.120 1.43538861
0.140 1.91677633
0.160 1.78602824
0.180 1.34236254
0.200 1.41559063
0.250 1.07985075
0.300 0.90802634
0.350 1.15138026
0.400 1.49809419
0.450 1.14283262
0.500 1.44470794
0.600 1.09320508
0.700 0.66973957
0.800 0.72401349
0.900 0.4764468
1.000 0.45260716
1.200 0.3427287
1.400 0.31130804
1.600 0.4433129
1.800 0.46322637
2.000 0.36338884
2.200 0.24845894
2.400 0.22981314
2.600 0.2294005
2.800 0.20200737
3.000 0.17120325
3.200 0.15957612
3.400 0.15794244
3.600 0.15565894
3.800 0.14312783
4.000 0.14039333
4.500 0.12370705
5.000 0.0925715
5.500 0.0662721
6.000 0.04821777
6.500 0.03655768
7.000 0.02910977
7.500 0.02405158
8.000 0.02044148
10.000 0.01265755
12.000 0.00893965
14.000 0.00673513
16.000 0.00530293
18.000 0.00432862
20.000 0.00363943
