0.010 0.46435537
0.020 0.46169517
0.030 0.47384274
0.040 0.4640688
0.050 0.51203959
0.060 0.55907514
0.070 0.57000581
0.080 0.58466155
0.090 0.76972919
0.100 0.87896649
0.120 0.92707164
0.140 0.87146948
0.160 0.96276946
0.180 1.13709869
0.200 1.09333343
0.250 0.96789501
0.300 1.30193869
0.350 1.37321507
0.400 1.64359313
0.450 1.59802899
0.500 1.38980883
0.600 1.20516772
0.700 1.01250802
0.800 0.91939744
0.900 0.84121059
1.000 0.82221595
1.200 0.76887868
1.400 0.64361975
1.600 0.39466846
1.800 0.35976989
2.000 0.49785884
2.200 0.43107078
2.400 0.33790527
2.600 0.24347456
2.800 0.15928542
3.000 0.11656867
3.200 0.10974389
3.400 0.11416704
3.600 0.11404026
3.800 0.10402979
4.000 0.09835607
4.500 0.08551099
5.000 0.0662235
5.500 0.05685044
6.000 0.04559328
6.500 0.03512161
7.000 0.02637181
7.500 0.02351862
8.000 0.02313247
10.000 0.01296844
12.000 0.00940236
14.000 0.00584168
16.000 0.00482182
18.000 0.0039953
20.000 0.00332109
