0.010 0.22678519
0.020 0.22893853
0.030 0.23173838
0.040 0.23594065
0.050 0.2324836
0.060 0.23993301
0.070 0.25895264
0.080 0.26614843
0.090 0.27330593
0.100 0.31670535
0.120 0.38097463
0.140 0.32690774
0.160 0.39603521
0.180 0.47925187
0.200 0.43929106
0.250 0.57278515
0.300 0.59581938
0.350 0.60033801
0.400 0.57335788
0.450 0.69674509
0.500 0.70609913
0.600 0.72923558
0.700 0.713868
0.800 0.63313788
0.900 0.46601759
1.000 0.33165699
1.200 0.40629411
1.400 0.30129006
1.600 0.2191328
1.800 0.23032702
2.000 0.24187476
2.200 0.24266514
2.400 0.26262175
2.600 0.27974554
2.800 0.28824957
3.000 0.28957906
3.200 0.28545235
3.400 0.29413661
3.600 0.30384169
3.800 0.30916231
4.000 0.30241702
4.500 0.26925553
5.000 0.23426108
5.500 0.18981093
6.000 0.14663106
6.500 0.12653873
7.000 0.11373035
7.500 0.09971756
8.000 0.08559836
10.000 0.04626358
12.000 0.0307171
14.000 0.0196539
16.000 0.01455787
18.000 0.01111149
20.000 0.00873629
