0.32217897
0.32188965
0.33070592
0.3409743
0.33559895
0.34197688
0.33894438
0.34929282
0.39088067
0.34953193
0.36784409
0.37547807
0.40562562
0.44414948
0.51267239
0.57845062
0.63190652
0.5969885
0.62629581
0.58146466
0.40611217
0.58474227
0.53388944
0.66317825
0.46731035
0.40991208
0.45855024
0.65247261
0.45051823
0.27901515
0.24231222
0.21508014
0.19402336
0.2092764
0.2632411
0.29767196
0.31816882
0.32169397
0.30645287
0.28995056
0.26641256
0.19109213
0.15542539
0.12049215
0.10627332
0.09460289
0.08225798
0.06992379
0.05841134
0.03957649
0.02845448
0.01711304
0.01282543
0.009881
0.00781735
