0.49936811
0.50249442
0.53043214
0.54054461
0.54594095
0.51829546
0.5092892
0.58611369
0.599523
0.66468901
0.57761748
0.59764907
0.63068623
0.67511547
0.84138038
0.81907892
0.89759539
1.2477254
1.09039033
0.77868922
0.85012168
0.80950747
0.88182411
0.94477652
0.80441691
0.88836739
0.77483416
0.49195263
0.59498587
0.56778993
0.5043566
0.56021541
0.45389074
0.34869618
0.25608122
0.19318074
0.15764191
0.14279396
0.13833372
0.13638948
0.13305405
0.12770353
0.10407416
0.09038625
0.07227837
0.07741928
0.0761646
0.08256292
0.0836811
0.06995664
0.04957115
0.03862248
0.02831387
0.02151532
0.01697103
