0.31927905
0.32188971
0.32822055
0.37008805
0.38659035
0.39052395
0.40466775
0.41982612
0.43288666
0.43735069
0.50352263
0.56518233
0.56127673
0.55334646
0.70740377
0.68603215
0.90713027
1.09944232
1.24309008
1.17247306
1.11355497
0.82647043
0.71784092
0.76092448
0.78310647
0.61175083
0.50613449
0.60645453
0.55698296
0.36106333
0.27416896
0.20598187
0.18954795
0.20463508
0.17138981
0.15989217
0.16716481
0.1678654
0.1725018
0.16333774
0.13858727
0.11687477
0.11542289
0.13960533
0.12118788
0.09712548
0.0692515
0.05315245
0.03946626
0.02407278
0.01793644
0.0138587
0.0126131
0.01200311
0.0109759
