0.010 1.00928473
0.020 1.01176992
0.030 1.01745334
0.040 1.02600236
0.050 1.06717155
0.060 1.09242112
0.070 1.1383473
0.080 1.17111088
0.090 1.19942187
0.100 1.23252011
0.120 1.14506606
0.140 1.41868981
0.160 1.39418678
0.180 1.90561536
0.200 1.64016029
0.250 1.77669837
0.300 1.7567501
0.350 1.43842422
0.400 2.02897064
0.450 2.50112358
0.500 1.84872274
0.600 1.78708039
0.700 1.96413555
0.800 2.87209539
0.900 3.52407376
1.000 2.59828296
1.200 2.23146823
1.400 1.44902826
1.600 1.56709936
1.800 1.4411852
2.000 1.20220831
2.200 0.79376848
2.400 0.48595073
2.600 0.37233172
2.800 0.32345618
3.000 0.3253226
3.200 0.32139505
3.400 0.2609203
3.600 0.21300674
3.800 0.14650185
4.000 0.11187489
4.500 0.10602044
5.000 0.09011625
5.500 0.06003908
6.000 0.04973865
6.500 0.04419117
7.000 0.03796469
7.500 0.0317445
8.000 0.02727042
10.000 0.01724415
12.000 0.01215346
14.000 0.00932461
16.000 0.00749147
18.000 0.00630411
20.000 0.00542315
