0.010 0.43177379
0.020 0.43696916
0.030 0.44807173
0.040 0.46537132
0.050 0.46030427
0.060 0.4814912
0.070 0.52321005
0.080 0.52341742
0.090 0.52562552
0.100 0.62428882
0.120 0.86640103
0.140 0.81817915
0.160 0.69876166
0.180 0.71699177
0.200 0.74698135
0.250 1.0446236
0.300 1.15733377
0.350 1.05906523
0.400 1.08349591
0.450 0.95962341
0.500 0.86283016
0.600 0.93027201
0.700 0.91398084
0.800 0.98071648
0.900 1.10361348
1.000 0.80755775
1.200 0.53976993
1.400 0.35411888
1.600 0.32224494
1.800 0.2488344
2.000 0.20062544
2.200 0.2391409
2.400 0.20663161
2.600 0.20655444
2.800 0.18470303
3.000 0.2018785
3.200 0.19853874
3.400 0.16171563
3.600 0.13253223
3.800 0.10870104
4.000 0.09998988
4.500 0.0841174
5.000 0.0741946
5.500 0.06728964
6.000 0.0539353
6.500 0.05055544
7.000 0.04223325
7.500 0.03701447
8.000 0.02912493
10.000 0.02078522
12.000 0.010556
14.000 0.00646193
16.000 0.00448314
18.000 0.00365383
20.000 0.0029268
