0.010 0.33260469
0.020 0.33305985
0.030 0.3337981
0.040 0.33958743
0.050 0.35597134
0.060 0.36935233
0.070 0.35264074
0.080 0.35614163
0.090 0.36136739
0.100 0.34344087
0.120 0.40684974
0.140 0.49728528
0.160 0.51264024
0.180 0.5065891
0.200 0.58232379
0.250 0.6805096
0.300 0.60138074
0.350 0.64908767
0.400 0.76381415
0.450 0.64143046
0.500 0.5898492
0.600 0.79087361
0.700 0.89684781
0.800 0.94228335
0.900 0.98631503
1.000 0.96820848
1.200 0.78145037
1.400 0.71321308
1.600 0.67705489
1.800 0.60123634
2.000 0.56024614
2.200 0.6165025
2.400 0.5913756
2.600 0.53038159
2.800 0.46438349
3.000 0.3923015
3.200 0.34677864
3.400 0.30467155
3.600 0.26452482
3.800 0.2268162
4.000 0.19436751
4.500 0.20664973
5.000 0.15553622
5.500 0.10211331
6.000 0.08483006
6.500 0.07053531
7.000 0.05868925
7.500 0.06643042
8.000 0.06584082
10.000 0.03980794
12.000 0.02389587
14.000 0.01548014
16.000 0.01161227
18.000 0.00919361
20.000 0.0075709
