0.29762426
0.29861889
0.2990821
0.30417671
0.30780385
0.31503839
0.3245164
0.32270665
0.33948825
0.36569183
0.45667732
0.41598976
0.34443137
0.32216512
0.40526174
0.28827173
0.32862005
0.39910513
0.5553756
0.53462058
0.48890812
0.47541595
0.60770946
0.49015603
0.44141937
0.55150007
0.58911654
0.48864881
0.45528335
0.42086572
0.3762976
0.32413384
0.27383825
0.22565797
0.21491648
0.24547057
0.2455984
0.21467648
0.20233625
0.19087472
0.17859059
0.14973906
0.12387771
0.10261717
0.10574364
0.10492776
0.09210717
0.07634921
0.06127043
0.0275814
0.01642694
0.01055362
0.00746391
0.00573989
0.00470521
