0.010 0.60530478
0.020 0.72137051
0.030 1.07215971
0.040 0.9859955
0.050 0.8546585
0.060 0.91866268
0.070 0.79869109
0.080 0.86426042
0.090 1.1318577
0.100 0.96649371
0.120 1.48309187
0.140 1.34463035
0.160 1.06622479
0.180 1.17798421
0.200 1.1832731
0.250 1.0167308
0.300 1.17357553
0.350 1.12541634
0.400 1.60272299
0.450 1.69237114
0.500 1.41627583
0.600 1.29441122
0.700 1.1288104
0.800 1.02047551
0.900 0.85113675
1.000 0.43000774
1.200 0.26490832
1.400 0.19022635
1.600 0.2339069
1.800 0.24485353
2.000 0.24673476
2.200 0.18914865
2.400 0.17052437
2.600 0.15210155
2.800 0.13020306
3.000 0.10867163
3.200 0.08937671
3.400 0.07513287
3.600 0.06481959
3.800 0.05828357
4.000 0.05192477
4.500 0.04338801
5.000 0.03731375
5.500 0.03770457
6.000 0.03594894
6.500 0.0323628
7.000 0.02995834
7.500 0.02534808
8.000 0.02171047
10.000 0.01202059
12.000 0.00770819
14.000 0.00531085
16.000 0.00394468
18.000 0.00311631
20.000 0.00256843
