0.010 0.7773556
0.020 0.80863733
0.030 0.91908676
0.040 1.04802326
0.050 1.10526206
0.060 1.10560804
0.070 1.24508837
0.080 1.23554636
0.090 1.21974402
0.100 1.32623058
0.120 1.90872324
0.140 1.693972
0.160 2.26334436
0.180 2.50086781
0.200 2.35782022
0.250 2.08826077
0.300 2.19305219
0.350 2.4378078
0.400 2.3682341
0.450 1.58309744
0.500 1.26359259
0.600 1.87114539
0.700 1.01645183
0.800 0.87855369
0.900 0.65707013
1.000 0.44964281
1.200 0.52317563
1.400 0.27835374
1.600 0.25026343
1.800 0.14977102
2.000 0.17414518
2.200 0.17791606
2.400 0.11373538
2.600 0.08756855
2.800 0.07212171
3.000 0.05287224
3.200 0.04196731
3.400 0.04017515
3.600 0.0382104
3.800 0.03740475
4.000 0.04060567
4.500 0.05106914
5.000 0.04872774
5.500 0.04801513
6.000 0.03970242
6.500 0.03252926
7.000 0.02551015
7.500 0.01960775
8.000 0.01506685
10.000 0.00955936
12.000 0.00662189
14.000 0.00491634
16.000 0.00386358
18.000 0.00316364
20.000 0.0026682
