0.27242327
0.27007499
0.28800198
0.29662366
0.28273597
0.30563144
0.38199601
0.43388169
0.40691328
0.40919978
0.43090103
0.49418074
0.41586179
0.49806613
0.58532902
0.84391389
0.55710144
0.46519194
0.57647273
0.49798706
0.50078888
0.75962322
0.69471305
0.51077952
0.33959191
0.28184438
0.22015856
0.20340786
0.14785902
0.14069314
0.11996461
0.09045064
0.06945542
0.07547119
0.06849933
0.05141051
0.05109545
0.05002947
0.03554145
0.03768882
0.03957743
0.0398022
0.03402933
0.02478786
0.018754
0.01408807
0.00974217
0.01052548
0.01011441
0.00630823
0.00313643
0.00218303
0.0018933
0.00138844
0.00117426
