0.010 0.25565099
0.020 0.25609435
0.030 0.26536635
0.040 0.26410319
0.050 0.28130226
0.060 0.29236012
0.070 0.30956711
0.080 0.33771197
0.090 0.36414265
0.100 0.41264037
0.120 0.37885648
0.140 0.45317959
0.160 0.40865809
0.180 0.43693239
0.200 0.38555179
0.250 0.43175074
0.300 0.44798623
0.350 0.43252659
0.400 0.53265924
0.450 0.68922581
0.500 0.58353022
0.600 0.69148832
0.700 0.82915049
0.800 0.63307053
0.900 0.47295657
1.000 0.43882614
1.200 0.27419917
1.400 0.26595948
1.600 0.18805996
1.800 0.13765224
2.000 0.1182453
2.200 0.10607204
2.400 0.10945876
2.600 0.09212231
2.800 0.07144599
3.000 0.07139111
3.200 0.07211504
3.400 0.06183534
3.600 0.06124091
3.800 0.06762248
4.000 0.06777618
4.500 0.05059412
5.000 0.03075506
5.500 0.01754429
6.000 0.01330301
6.500 0.00968352
7.000 0.00949546
7.500 0.00853329
8.000 0.00722434
10.000 0.00472655
12.000 0.00328395
14.000 0.00242679
16.000 0.00202234
18.000 0.00189196
20.000 0.00172356
