0.010 1.18328944
0.020 1.15251187
0.030 1.54500371
0.040 2.15957806
0.050 1.75912057
0.060 1.81395742
0.070 2.66674708
0.080 2.3345568
0.090 2.52981082
0.100 2.54676827
0.120 1.94188051
0.140 2.14895449
0.160 2.24184218
0.180 3.17887605
0.200 2.87654719
0.250 1.24934715
0.300 1.22910819
0.350 1.07311961
0.400 0.86925172
0.450 0.74297066
0.500 0.59536635
0.600 0.71630042
0.700 0.53452302
0.800 0.57581965
0.900 0.4102341
1.000 0.4164081
1.200 0.36546577
1.400 0.19524843
1.600 0.18076212
1.800 0.10518838
2.000 0.08777266
2.200 0.0794826
2.400 0.0815048
2.600 0.07423721
2.800 0.07834945
3.000 0.0940609
3.200 0.09443318
3.400 0.10555467
3.600 0.10432989
3.800 0.09250232
4.000 0.07442299
4.500 0.04018662
5.000 0.02923381
5.500 0.01969508
6.000 0.01353341
6.500 0.01075914
7.000 0.00946696
7.500 0.0085229
8.000 0.00738875
10.000 0.00414843
12.000 0.0028754
14.000 0.00212384
16.000 0.00174074
18.000 0.00153546
20.000 0.00136684
