1.24781573
1.48873851
1.49577702
1.47075982
2.18243093
2.38051403
2.92163214
2.74250045
2.44846913
2.79228255
2.00973842
1.56231145
1.86326872
2.4725325
2.26164827
1.46146674
1.39740613
1.34389848
0.92004761
0.78742618
0.84357212
0.53090063
0.66901787
0.68463265
0.6562416
0.48870356
0.27475456
0.21188308
0.14466484
0.1629461
0.14780988
0.17631096
0.14700197
0.135817
0.13004429
0.12940044
0.11072828
0.11960873
0.1138601
0.09975165
0.08199905
0.05211973
0.03316535
0.02358868
0.01858096
0.01547807
0.01304067
0.01110782
0.00956072
0.00573508
0.00389268
0.00294692
0.0023612
0.00196245
0.00167545
