0.010 0.53698076
0.020 0.79593781
0.030 1.10067472
0.040 1.20349948
0.050 1.50425343
0.060 1.10326152
0.070 0.88734527
0.080 0.72153761
0.090 0.71185173
0.100 0.66273389
0.120 0.3999862
0.140 0.39462952
0.160 0.38491694
0.180 0.37510997
0.200 0.41877849
0.250 0.66566943
0.300 0.66303059
0.350 0.55257049
0.400 0.46562975
0.450 0.560713
0.500 0.68163965
0.600 0.59722842
0.700 0.37916933
0.800 0.2207214
0.900 0.15872765
1.000 0.13671909
1.200 0.09881169
1.400 0.10377961
1.600 0.09269195
1.800 0.1065639
2.000 0.08687134
2.200 0.07026639
2.400 0.06121357
2.600 0.05248844
2.800 0.04435824
3.000 0.0386206
3.200 0.03287301
3.400 0.02767515
3.600 0.02459987
3.800 0.02532558
4.000 0.02419922
4.500 0.02239198
5.000 0.02112399
5.500 0.01787637
6.000 0.01443235
6.500 0.01152129
7.000 0.00986996
7.500 0.00886848
8.000 0.00797481
10.000 0.00524727
12.000 0.0039826
14.000 0.00307072
16.000 0.00231996
18.000 0.00171187
20.000 0.00129791
