0.0002
0.0006
0.0012
0.0019
0.0025
0.0028
0.0028
0.0023
0.0013
0.0000
-0.0016
-0.0033
-0.0048
-0.0060
-0.0067
-0.0067
-0.0059
-0.0045
-0.0024
0.0000
0.0026
0.0050
0.0070
0.0083
0.0088
0.0084
0.0072
0.0052
0.0027
0.0000
-0.0027
-0.0050
-0.0068
-0.0077
-0.0079
-0.0072
-0.0059
-0.0041
-0.0020
0.0000
0.0018
0.0030
0.0038
0.0039
0.0035
0.0027
0.0018
0.0009
0.0002
0.0000
0.0002
0.0009
0.0020
0.0032
0.0042
0.0049
0.0049
0.0042
0.0025
0.0000
-0.0031
-0.0066
-0.0099
-0.0127
-0.0144
-0.0148
-0.0135
-0.0105
-0.0059
0.0000
0.0066
0.0131
0.0190
0.0234
0.0258
0.0256
0.0227
0.0171
0.0093
0.0000
-0.0100
-0.0197
-0.0279
-0.0338
-0.0365
-0.0357
-0.0311
-0.0231
-0.0124
0.0000
0.0130
0.0251
0.0352
0.0420
0.0448
0.0432
0.0373
0.0274
0.0146
0.0000
-0.0148
-0.0284
-0.0393
-0.0465
-0.0491
-0.0468
-0.0399
-0.0290
-0.0152
0.0000
0.0152
0.0287
0.0393
0.0459
0.0479
0.0452
0.0380
0.0273
0.0142
0.0000
-0.0137
-0.0256
-0.0346
-0.0398
-0.0408
-0.0378
-0.0313
-0.0221
-0.0112
0.0000
0.0104
0.0190
0.0250
0.0280
0.0279
0.0251
0.0200
0.0135
0.0066
0.0000
-0.0055
-0.0094
-0.0114
-0.0115
-0.0102
-0.0078
-0.0050
-0.0024
-0.0006
0.0000
-0.0007
-0.0025
-0.0052
-0.0081
-0.0107
-0.0123
-0.0122
-0.0102
-0.0060
0.0000
0.0074
0.0153
0.0228
0.0289
0.0325
0.0330
0.0298
0.0229
0.0127
0.0000
-0.0139
-0.0276
-0.0396
-0.0484
-0.0528
-0.0519
-0.0456
-0.0342
-0.0185
0.0000
0.0195
0.0380
0.0535
0.0642
0.0689
0.0668
0.0578
0.0427
0.0228
0.0000
-0.0234
-0.0450
-0.0626
-0.0743
-0.0788
-0.0755
-0.0646
-0.0472
-0.0249
0.0000
0.0251
0.0477
0.0657
0.0771
0.0810
0.0768
0.0650
0.0470
0.0246
0.0000
-0.0242
-0.0455
-0.0620
-0.0720
-0.0748
-0.0701
-0.0587
-0.0419
-0.0216
0.0000
0.0207
0.0385
0.0517
0.0592
0.0605
0.0558
0.0459
0.0322
0.0163
0.0000
-0.0150
-0.0273
-0.0357
-0.0398
-0.0395
-0.0352
-0.0280
-0.0189
-0.0091
0.0000
0.0076
0.0128
0.0155
0.0157
0.0138
0.0105
0.0067
0.0033
0.0009
0.0000
0.0009
0.0033
0.0067
0.0106
0.0139
0.0158
0.0157
0.0130
0.0077
0.0000
-0.0093
-0.0193
-0.0286
-0.0361
-0.0405
-0.0409
-0.0367
-0.0281
-0.0155
0.0000
0.0169
0.0335
0.0478
0.0581
0.0631
0.0619
0.0542
0.0404
0.0218
0.0000
-0.0228
-0.0443
-0.0621
-0.0743
-0.0794
-0.0766
-0.0661
-0.0486
-0.0259
0.0000
0.0264
0.0505
0.0700
0.0828
0.0875
0.0835
0.0712
0.0518
0.0273
0.0000
-0.0272
-0.0516
-0.0708
-0.0828
-0.0866
-0.0818
-0.0691
-0.0497
-0.0259
0.0000
0.0253
0.0475
0.0644
0.0745
0.0770
0.0719
0.0600
0.0427
0.0220
0.0000
-0.0209
-0.0387
-0.0517
-0.0590
-0.0600
-0.0552
-0.0452
-0.0316
-0.0159
0.0000
0.0146
0.0263
0.0343
0.0381
0.0377
0.0335
0.0265
0.0178
0.0086
0.0000
-0.0070
-0.0119
-0.0143
-0.0144
-0.0126
-0.0096
-0.0061
-0.0030
-0.0008
0.0000
-0.0008
-0.0029
-0.0060
-0.0093
-0.0122
-0.0139
-0.0137
-0.0113
-0.0066
0.0000
0.0080
0.0165
0.0243
0.0305
0.0341
0.0343
0.0307
0.0233
0.0128
0.0000
-0.0139
-0.0273
-0.0388
-0.0469
-0.0507
-0.0495
-0.0431
-0.0320
-0.0172
0.0000
0.0178
0.0343
0.0479
0.0570
0.0606
0.0582
0.0499
0.0365
0.0193
0.0000
-0.0195
-0.0371
-0.0512
-0.0602
-0.0632
-0.0600
-0.0508
-0.0368
-0.0192
0.0000
0.0190
0.0357
0.0487
0.0566
0.0588
0.0552
0.0463
0.0331
0.0171
0.0000
-0.0165
-0.0307
-0.0414
-0.0475
-0.0488
-0.0452
-0.0374
-0.0264
-0.0135
0.0000
0.0126
0.0232
0.0307
0.0348
0.0351
0.0319
0.0260
0.0180
0.0090
0.0000
-0.0081
-0.0144
-0.0186
-0.0205
-0.0200
-0.0176
-0.0138
-0.0092
-0.0044
0.0000
0.0035
0.0059
0.0070
0.0069
0.0060
0.0045
0.0028
0.0013
0.0003
0.0000
0.0003
0.0013
0.0025
0.0039
0.0050
0.0056
0.0054
0.0044
0.0025
0.0000
-0.0029
-0.0060
-0.0086
-0.0106
-0.0116
-0.0114
-0.0100
-0.0074
-0.0040
0.0000
0.0041
0.0078
0.0107
0.0126
0.0132
0.0124
0.0104
0.0075
0.0039
0.0000
-0.0037
-0.0068
-0.0090
-0.0101
-0.0102
-0.0092
-0.0074
-0.0050
-0.0025
0.0000
0.0021
0.0035
0.0043
0.0043
0.0038
0.0029
0.0019
0.0009
0.0002
0.0000
0.0002
0.0009
0.0019
0.0030
0.0039
0.0045
0.0044
0.0036
0.0021
0.0000
-0.0026
-0.0053
-0.0078
-0.0097
-0.0108
-0.0108
-0.0096
-0.0073
-0.0040
0.0000
0.0042
0.0082
0.0115
0.0137
0.0146
0.0140
0.0119
0.0087
0.0046
0.0000
-0.0045
-0.0084
-0.0114
-0.0130
-0.0133
-0.0122
-0.0100
-0.0069
-0.0034
0.0000
0.0030
0.0052
0.0065
0.0067
0.0060
0.0047
0.0031
0.0015
0.0004
0.0000
0.0004
0.0017
0.0035
0.0056
0.0075
0.0087
0.0088
0.0074
0.0044
0.0000
-0.0056
-0.0118
-0.0178
-0.0228
-0.0260
-0.0267
-0.0244
-0.0190
-0.0106
0.0000
0.0120
0.0240
0.0348
0.0430
0.0475
0.0472
0.0419
0.0318
0.0174
0.0000
-0.0187
-0.0368
-0.0523
-0.0635
-0.0688
-0.0673
-0.0588
-0.0439
-0.0236
0.0000
0.0247
0.0480
0.0674
0.0808
0.0864
0.0835
0.0721
0.0532
0.0283
0.0000
-0.0290
-0.0556
-0.0772
-0.0915
-0.0968
-0.0925
-0.0790
-0.0576
-0.0303
0.0000
0.0304
0.0576
0.0791
0.0926
0.0968
0.0915
0.0772
0.0556
0.0289
0.0000
-0.0281
-0.0527
-0.0712
-0.0821
-0.0846
-0.0786
-0.0652
-0.0460
-0.0235
0.0000
0.0219
0.0401
0.0529
0.0594
0.0593
0.0534
0.0427
0.0290
0.0141
0.0000
-0.0118
-0.0202
-0.0246
-0.0251
-0.0222
-0.0170
-0.0110
-0.0054
-0.0014
0.0000
-0.0014
-0.0055
-0.0115
-0.0181
-0.0240
-0.0275
-0.0274
-0.0229
-0.0136
0.0000
0.0168
0.0349
0.0522
0.0662
0.0748
0.0760
0.0688
0.0530
0.0294
0.0000
-0.0325
-0.0648
-0.0931
-0.1140
-0.1247
-0.1231
-0.1084
-0.0815
-0.0442
0.0000
0.0469
0.0916
0.1293
0.1557
0.1675
0.1628
0.1414
0.1047
0.0560
0.0000
-0.0579
-0.1117
-0.1559
-0.1856
-0.1974
-0.1897
-0.1628
-0.1193
-0.0632
0.0000
0.0639
0.1221
0.1686
0.1986
0.2090
0.1988
0.1690
0.1225
0.0642
0.0000
-0.0636
-0.1202
-0.1642
-0.1913
-0.1992
-0.1873
-0.1573
-0.1127
-0.0583
0.0000
0.0563
0.1050
0.1414
0.1624
0.1665
0.1540
0.1272
0.0895
0.0455
0.0000
-0.0421
-0.0768
-0.1009
-0.1128
-0.1123
-0.1006
-0.0802
-0.0543
-0.0264
0.0000
0.0219
0.0374
0.0453
0.0460
0.0406
0.0310
0.0199
0.0097
0.0026
0.0000
0.0026
0.0099
0.0205
0.0322
0.0424
0.0485
0.0483
0.0401
0.0238
0.0000
-0.0291
-0.0604
-0.0901
-0.1141
-0.1284
-0.1302
-0.1175
-0.0902
-0.0500
0.0000
0.0549
0.1091
0.1564
0.1911
0.2084
0.2051
0.1802
0.1350
0.0731
0.0000
-0.0771
-0.1503
-0.2117
-0.2543
-0.2729
-0.2646
-0.2292
-0.1693
-0.0904
0.0000
0.0930
0.1790
0.2492
0.2959
0.3140
0.3010
0.2579
0.1885
0.0996
0.0000
-0.1003
-0.1912
-0.2634
-0.3096
-0.3253
-0.3087
-0.2618
-0.1894
-0.0991
0.0000
0.0977
0.1843
0.2512
0.2921
0.3035
0.2848
0.2387
0.1707
0.0882
0.0000
-0.0848
-0.1578
-0.2121
-0.2431
-0.2487
-0.2297
-0.1894
-0.1330
-0.0674
0.0000
0.0622
0.1132
0.1485
0.1657
0.1646
0.1473
0.1172
0.0792
0.0384
0.0000
-0.0318
-0.0541
-0.0655
-0.0664
-0.0584
-0.0446
-0.0286
-0.0139
-0.0037
0.0000
-0.0037
-0.0141
-0.0291
-0.0456
-0.0601
-0.0686
-0.0681
-0.0566
-0.0335
0.0000
0.0408
0.0846
0.1260
0.1592
0.1790
0.1811
0.1632
0.1251
0.0692
0.0000
-0.0758
-0.1503
-0.2152
-0.2625
-0.2858
-0.2809
-0.2465
-0.1844
-0.0997
0.0000
0.1048
0.2040
0.2869
0.3442
0.3688
0.3570
0.3088
0.2278
0.1215
0.0000
-0.1245
-0.2394
-0.3328
-0.3947
-0.4182
-0.4004
-0.3425
-0.2500
-0.1319
0.0000
0.1325
0.2521
0.3469
0.4072
0.4272
0.4049
0.3429
0.2477
0.1294
0.0000
-0.1273
-0.2397
-0.3264
-0.3790
-0.3932
-0.3685
-0.3085
-0.2203
-0.1137
0.0000
0.1090
0.2025
0.2719
0.3112
0.3180
0.2933
0.2415
0.1694
0.0858
0.0000
-0.0790
-0.1434
-0.1879
-0.2094
-0.2078
-0.1857
-0.1476
-0.0996
-0.0482
0.0000
0.0399
0.0677
0.0819
0.0828
0.0728
0.0556
0.0356
0.0173
0.0045
0.0000
0.0046
0.0174
0.0359
0.0563
0.0740
0.0844
0.0837
0.0694
0.0410
0.0000
-0.0499
-0.1033
-0.1537
-0.1939
-0.2177
-0.2200
-0.1980
-0.1517
-0.0838
0.0000
0.0916
0.1814
0.2593
0.3160
0.3437
0.3374
0.2957
0.2209
0.1193
0.0000
-0.1251
-0.2433
-0.3418
-0.4095
-0.4383
-0.4238
-0.3661
-0.2698
-0.1437
0.0000
0.1470
0.2823
0.3919
0.4642
0.4913
0.4699
0.4015
0.2927
0.1543
0.0000
-0.1546
-0.2939
-0.4039
-0.4736
-0.4963
-0.4698
-0.3974
-0.2868
-0.1496
0.0000
0.1469
0.2763
0.3758
0.4359
0.4517
0.4228
0.3536
0.2522
0.1300
0.0000
-0.1244
-0.2309
-0.3096
-0.3540
-0.3613
-0.3329
-0.2737
-0.1918
-0.0970
0.0000
0.0891
0.1617
0.2116
0.2355
0.2335
0.2084
0.1655
0.1115
0.0540
0.0000
-0.0445
-0.0755
-0.0912
-0.0921
-0.0809
-0.0617
-0.0394
-0.0191
-0.0050
0.0000
-0.0050
-0.0192
-0.0395
-0.0619
-0.0813
-0.0926
-0.0918
-0.0760
-0.0449
0.0000
0.0545
0.1127
0.1674
0.2111
0.2367
0.2390
0.2149
0.1644
0.0907
0.0000
-0.0989
-0.1957
-0.2795
-0.3402
-0.3696
-0.3624
-0.3173
-0.2368
-0.1277
0.0000
0.1337
0.2596
0.3643
0.4361
0.4662
0.4503
0.3886
0.2860
0.1522
0.0000
-0.1553
-0.2980
-0.4132
-0.4889
-0.5169
-0.4937
-0.4214
-0.3069
-0.1616
0.0000
0.1615
0.3068
0.4211
0.4933
0.5163
0.4882
0.4125
0.2974
0.1550
0.0000
-0.1518
-0.2852
-0.3874
-0.4489
-0.4647
-0.4345
-0.3629
-0.2586
-0.1331
0.0000
0.1271
0.2356
0.3156
0.3604
0.3675
0.3382
0.2778
0.1945
0.0983
0.0000
-0.0900
-0.1632
-0.2132
-0.2371
-0.2348
-0.2093
-0.1660
-0.1117
-0.0540
0.0000
0.0444
0.0753
0.0909
0.0917
0.0804
0.0612
0.0391
0.0189
0.0050
0.0000
0.0050
0.0189
0.0389
0.0609
0.0798
0.0909
0.0899
0.0744
0.0439
0.0000
-0.0532
-0.1098
-0.1629
-0.2051
-0.2297
-0.2316
-0.2080
-0.1589
-0.0875
0.0000
0.0953
0.1883
0.2686
0.3265
0.3542
0.3469
0.3033
0.2261
0.1218
0.0000
-0.1272
-0.2467
-0.3457
-0.4132
-0.4412
-0.4256
-0.3668
-0.2696
-0.1433
0.0000
0.1458
0.2794
0.3870
0.4573
0.4828
0.4606
0.3926
0.2856
0.1501
0.0000
-0.1497
-0.2839
-0.3892
-0.4553
-0.4759
-0.4494
-0.3792
-0.2730
-0.1421
0.0000
0.1388
0.2604
0.3532
0.4087
0.4224
0.3945
0.3290
0.2341
0.1203
0.0000
-0.1146
-0.2121
-0.2837
-0.3235
-0.3293
-0.3027
-0.2482
-0.1735
-0.0875
0.0000
0.0800
0.1447
0.1889
0.2097
0.2073
0.1846
0.1461
0.0982
0.0474
0.0000
-0.0389
-0.0658
-0.0792
-0.0798
-0.0699
-0.0532
-0.0339
-0.0164
-0.0043
0.0000
-0.0043
-0.0162
-0.0334
-0.0522
-0.0683
-0.0776
-0.0767
-0.0634
-0.0373
0.0000
0.0450
0.0928
0.1375
0.1728
0.1933
0.1945
0.1744
0.1330
0.0731
0.0000
-0.0793
-0.1565
-0.2228
-0.2703
-0.2928
-0.2862
-0.2498
-0.1859
-0.0999
0.0000
0.1039
0.2012
0.2815
0.3358
0.3579
0.3446
0.2964
0.2175
0.1153
0.0000
-0.1169
-0.2236
-0.3090
-0.3644
-0.3840
-0.3656
-0.3110
-0.2257
-0.1184
0.0000
0.1176
0.2225
0.3044
0.3553
0.3706
0.3492
0.2940
0.2112
0.1097
0.0000
-0.1066
-0.1996
-0.2702
-0.3119
-0.3216
-0.2996
-0.2493
-0.1770
-0.0908
0.0000
0.0860
0.1588
0.2119
0.2410
0.2448
0.2244
0.1836
0.1280
0.0644
0.0000
-0.0585
-0.1056
-0.1375
-0.1522
-0.1501
-0.1333
-0.1052
-0.0705
-0.0340
0.0000
0.0277
0.0467
0.0561
0.0564
0.0492
0.0373
0.0237
0.0114
0.0030
0.0000
0.0030
0.0112
0.0229
0.0357
0.0466
0.0528
0.0520
0.0428
0.0251
0.0000
-0.0301
-0.0619
-0.0914
-0.1144
-0.1275
-0.1279
-0.1142
-0.0868
-0.0476
0.0000
0.0512
0.1006
0.1427
0.1725
0.1860
0.1811
0.1575
0.1167
0.0625
0.0000
-0.0645
-0.1242
-0.1730
-0.2056
-0.2181
-0.2090
-0.1790
-0.1307
-0.0690
0.0000
0.0693
0.1319
0.1814
0.2129
0.2232
0.2114
0.1789
0.1292
0.0674
0.0000
-0.0662
-0.1246
-0.1695
-0.1968
-0.2040
-0.1911
-0.1600
-0.1142
-0.0590
0.0000
0.0566
0.1053
0.1416
0.1624
0.1663
0.1539
0.1272
0.0896
0.0456
0.0000
-0.0426
-0.0781
-0.1034
-0.1167
-0.1176
-0.1069
-0.0868
-0.0600
-0.0299
0.0000
0.0267
0.0478
0.0617
0.0676
0.0661
0.0581
0.0454
0.0301
0.0143
0.0000
-0.0114
-0.0191
-0.0227
-0.0225
-0.0194
-0.0146
-0.0091
-0.0043
-0.0011
0.0000
-0.0011
-0.0040
-0.0081
-0.0125
-0.0160
-0.0179
-0.0173
-0.0140
-0.0081
0.0000
0.0093
0.0188
0.0273
0.0335
0.0365
0.0358
0.0313
0.0232
0.0124
0.0000
-0.0127
-0.0242
-0.0334
-0.0391
-0.0409
-0.0385
-0.0324
-0.0231
-0.0119
0.0000
0.0113
0.0208
0.0276
0.0311
0.0312
0.0281
0.0225
0.0153
0.0075
0.0000
-0.0063
-0.0107
-0.0130
-0.0132
-0.0116
-0.0089
-0.0057
-0.0028
-0.0007
0.0000
-0.0007
-0.0028
-0.0057
-0.0089
-0.0117
-0.0133
-0.0131
-0.0108
-0.0063
0.0000
0.0076
0.0156
0.0229
0.0286
0.0318
0.0317
0.0282
0.0213
0.0116
0.0000
-0.0122
-0.0238
-0.0334
-0.0398
-0.0423
-0.0405
-0.0346
-0.0251
-0.0132
0.0000
0.0129
0.0242
0.0327
0.0375
0.0382
0.0351
0.0286
0.0198
0.0098
0.0000
-0.0085
-0.0148
-0.0183
-0.0190
-0.0170
-0.0133
-0.0087
-0.0043
-0.0012
0.0000
-0.0012
-0.0047
-0.0098
-0.0156
-0.0209
-0.0243
-0.0245
-0.0206
-0.0124
0.0000
0.0156
0.0327
0.0494
0.0632
0.0720
0.0739
0.0674
0.0523
0.0293
0.0000
-0.0329
-0.0660
-0.0957
-0.1180
-0.1300
-0.1292
-0.1146
-0.0867
-0.0474
0.0000
0.0509
0.1000
0.1421
0.1722
0.1863
0.1821
0.1590
0.1184
0.0637
0.0000
-0.0666
-0.1292
-0.1811
-0.2167
-0.2316
-0.2237
-0.1930
-0.1420
-0.0756
0.0000
0.0771
0.1480
0.2053
0.2429
0.2567
0.2452
0.2093
0.1523
0.0802
0.0000
-0.0800
-0.1518
-0.2081
-0.2434
-0.2543
-0.2400
-0.2023
-0.1455
-0.0756
0.0000
0.0734
0.1374
0.1856
0.2138
0.2199
0.2041
0.1691
0.1194
0.0608
0.0000
-0.0567
-0.1035
-0.1364
-0.1530
-0.1527
-0.1373
-0.1097
-0.0744
-0.0363
0.0000
0.0303
0.0518
0.0630
0.0640
0.0566
0.0434
0.0279
0.0136
0.0036
0.0000
0.0037
0.0140
0.0291
0.0459
0.0606
0.0695
0.0692
0.0577
0.0343
0.0000
-0.0421
-0.0876
-0.1309
-0.1660
-0.1873
-0.1901
-0.1719
-0.1323
-0.0734
0.0000
0.0810
0.1611
0.2314
0.2833
0.3094
0.3051
0.2686
0.2016
0.1093
0.0000
-0.1157
-0.2259
-0.3186
-0.3834
-0.4121
-0.4002
-0.3471
-0.2569
-0.1374
0.0000
0.1417
0.2732
0.3809
0.4530
0.4813
0.4621
0.3965
0.2902
0.1536
0.0000
-0.1551
-0.2960
-0.4083
-0.4807
-0.5056
-0.4805
-0.4080
-0.2956
-0.1548
0.0000
0.1531
0.2890
0.3945
0.4593
0.4777
0.4488
0.3767
0.2697
0.1395
0.0000
-0.1344
-0.2504
-0.3370
-0.3867
-0.3961
-0.3662
-0.3022
-0.2125
-0.1079
0.0000
0.0998
0.1817
0.2385
0.2664
0.2651
0.2374
0.1891
0.1279
0.0621
0.0000
-0.0515
-0.0877
-0.1063
-0.1078
-0.0950
-0.0727
-0.0466
-0.0227
-0.0060
0.0000
-0.0060
-0.0230
-0.0476
-0.0748
-0.0986
-0.1127
-0.1120
-0.0931
-0.0551
0.0000
0.0674
0.1398
0.2083
0.2634
0.2963
0.3001
0.2706
0.2077
0.1149
0.0000
-0.1262
-0.2504
-0.3587
-0.4379
-0.4772
-0.4694
-0.4122
-0.3086
-0.1669
0.0000
0.1758
0.3425
0.4820
0.5787
0.6206
0.6012
0.5203
0.3842
0.2050
0.0000
-0.2105
-0.4050
-0.5633
-0.6685
-0.7089
-0.6792
-0.5814
-0.4247
-0.2242
0.0000
0.2255
0.4295
0.5914
0.6948
0.7293
0.6917
0.5862
0.4238
0.2215
0.0000
-0.2182
-0.4113
-0.5602
-0.6510
-0.6758
-0.6338
-0.5309
-0.3794
-0.1959
0.0000
0.1881
0.3497
0.4698
0.5381
0.5502
0.5078
0.4183
0.2937
0.1488
0.0000
-0.1371
-0.2492
-0.3267
-0.3643
-0.3618
-0.3235
-0.2573
-0.1736
-0.0842
0.0000
0.0697
0.1184
0.1432
0.1450
0.1275
0.0974
0.0623
0.0303
0.0080
0.0000
0.0080
0.0305
0.0631
0.0991
0.1303
0.1487
0.1476
0.1225
0.0724
0.0000
-0.0883
-0.1828
-0.2720
-0.3435
-0.3858
-0.3902
-0.3514
-0.2692
-0.1488
0.0000
0.1628
0.3227
0.4617
0.5629
0.6125
0.6016
0.5275
0.3944
0.2130
0.0000
-0.2238
-0.4353
-0.6118
-0.7335
-0.7856
-0.7600
-0.6568
-0.4843
-0.2581
0.0000
0.2643
0.5079
0.7055
0.8361
0.8854
0.8472
0.7243
0.5284
0.2786
0.0000
-0.2795
-0.5316
-0.7311
-0.8577
-0.8992
-0.8518
-0.7209
-0.5206
-0.2717
0.0000
0.2670
0.5026
0.6838
0.7937
0.8229
0.7708
0.6449
0.4602
0.2373
0.0000
-0.2273
-0.4222
-0.5665
-0.6480
-0.6618
-0.6101
-0.5020
-0.3520
-0.1781
0.0000
0.1638
0.2973
0.3892
0.4336
0.4301
0.3841
0.3051
0.2057
0.0996
0.0000
-0.0822
-0.1396
-0.1687
-0.1705
-0.1499
-0.1143
-0.0731
-0.0355
-0.0093
0.0000
-0.0094
-0.0356
-0.0735
-0.1152
-0.1514
-0.1726
-0.1711
-0.1419
-0.0837
0.0000
0.1019
0.2108
0.3132
0.3951
0.4434
0.4478
0.4029
0.3083
0.1702
0.0000
-0.1859
-0.3680
-0.5259
-0.6404
-0.6961
-0.6830
-0.5983
-0.4468
-0.2411
0.0000
0.2527
0.4910
0.6895
0.8257
0.8833
0.8537
0.7370
0.5428
0.2890
0.0000
-0.2953
-0.5669
-0.7866
-0.9312
-0.9851
-0.9416
-0.8042
-0.5860
-0.3087
0.0000
0.3090
0.5872
0.8066
0.9454
0.9900
0.9368
0.7921
0.5714
0.2980
0.0000
-0.2922
-0.5494
-0.7467
-0.8657
-0.8967
-0.8390
-0.7013
-0.4999
-0.2576
0.0000
0.2462
0.4568
0.6122
0.6996
0.7137
0.6573
0.5403
0.3784
0.1913
0.0000
-0.1755
-0.3184
-0.4164
-0.4633
-0.4591
-0.4096
-0.3250
-0.2189
-0.1059
0.0000
0.0873
0.1479
0.1786
0.1804
0.1584
0.1207
0.0771
0.0374
0.0098
0.0000
0.0098
0.0374
0.0771
0.1207
0.1583
0.1804
0.1786
0.1479
0.0872
0.0000
-0.1059
-0.2189
-0.3250
-0.4095
-0.4590
-0.4632
-0.4162
-0.3183
-0.1755
0.0000
0.1913
0.3783
0.5400
0.6570
0.7134
0.6992
0.6119
0.4565
0.2460
0.0000
-0.2574
-0.4996
-0.7007
-0.8384
-0.8960
-0.8650
-0.7460
-0.5489
-0.2919
0.0000
0.2977
0.5708
0.7912
0.9358
0.9889
0.9442
0.8056
0.5864
0.3086
0.0000
-0.3083
-0.5852
-0.8030
-0.9401
-0.9835
-0.9297
-0.7852
-0.5659
-0.2948
0.0000
0.2884
0.5418
0.7355
0.8519
0.8814
0.8238
0.6879
0.4899
0.2521
0.0000
-0.2405
-0.4457
-0.5967
-0.6811
-0.6941
-0.6385
-0.5243
-0.3668
-0.1853
0.0000
0.1696
0.3073
0.4014
0.4462
0.4417
0.3936
0.3120
0.2099
0.1014
0.0000
-0.0834
-0.1412
-0.1703
-0.1718
-0.1507
-0.1147
-0.0732
-0.0354
-0.0093
0.0000
-0.0093
-0.0353
-0.0727
-0.1136
-0.1490
-0.1695
-0.1676
-0.1387
-0.0817
0.0000
0.0989
0.2043
0.3029
0.3813
0.4269
0.4302
0.3862
0.2949
0.1624
0.0000
-0.1766
-0.3489
-0.4975
-0.6046
-0.6557
-0.6419
-0.5610
-0.4181
-0.2251
0.0000
0.2349
0.4553
0.6379
0.7622
0.8136
0.7845
0.6758
0.4966
0.2638
0.0000
-0.2683
-0.5139
-0.7114
-0.8403
-0.8869
-0.8457
-0.7207
-0.5239
-0.2754
0.0000
0.2744
0.5201
0.7128
0.8335
0.8708
0.8221
0.6934
0.4990
0.2596
0.0000
-0.2534
-0.4753
-0.6444
-0.7453
-0.7701
-0.7189
-0.5994
-0.4263
-0.2191
0.0000
0.2084
0.3857
0.5156
0.5878
0.5982
0.5495
0.4506
0.3148
0.1588
0.0000
-0.1449
-0.2622
-0.3420
-0.3796
-0.3752
-0.3339
-0.2643
-0.1775
-0.0857
0.0000
0.0702
0.1187
0.1430
0.1440
0.1261
0.0958
0.0611
0.0295
0.0077
0.0000
0.0077
0.0292
0.0601
0.0938
0.1227
0.1394
0.1377
0.1137
0.0669
0.0000
-0.0807
-0.1664
-0.2464
-0.3096
-0.3460
-0.3482
-0.3120
-0.2379
-0.1308
0.0000
0.1417
0.2795
0.3978
0.4825
0.5224
0.5105
0.4454
0.3313
0.1780
0.0000
-0.1851
-0.3582
-0.5009
-0.5974
-0.6365
-0.6126
-0.5267
-0.3863
-0.2048
0.0000
0.2075
0.3966
0.5480
0.6461
0.6805
0.6477
0.5507
0.3996
0.2096
0.0000
-0.2080
-0.3934
-0.5380
-0.6278
-0.6545
-0.6166
-0.5190
-0.3727
-0.1935
0.0000
0.1880
0.3518
0.4759
0.5492
0.5662
0.5273
0.4387
0.3112
0.1596
0.0000
-0.1511
-0.2789
-0.3721
-0.4231
-0.4295
-0.3936
-0.3219
-0.2244
-0.1129
0.0000
0.1025
0.1849
0.2406
0.2664
0.2626
0.2330
0.1840
0.1232
0.0593
0.0000
-0.0483
-0.0815
-0.0979
-0.0983
-0.0858
-0.0650
-0.0413
-0.0199
-0.0052
0.0000
-0.0051
-0.0195
-0.0399
-0.0621
-0.0810
-0.0918
-0.0903
-0.0744
-0.0436
0.0000
0.0523
0.1073
0.1584
0.1983
0.2209
0.2215
0.1978
0.1502
0.0823
0.0000
-0.0885
-0.1739
-0.2466
-0.2980
-0.3213
-0.3128
-0.2718
-0.2014
-0.1078
0.0000
0.1111
0.2141
0.2982
0.3541
0.3756
0.3599
0.3080
0.2249
0.1187
0.0000
-0.1191
-0.2266
-0.3116
-0.3655
-0.3831
-0.3628
-0.3069
-0.2216
-0.1156
0.0000
0.1135
0.2135
0.2904
0.3369
0.3492
0.3271
0.2737
0.1954
0.1008
0.0000
-0.0967
-0.1799
-0.2418
-0.2772
-0.2839
-0.2626
-0.2170
-0.1529
-0.0778
0.0000
0.0726
0.1331
0.1761
0.1987
0.2001
0.1819
0.1476
0.1020
0.0509
0.0000
-0.0454
-0.0812
-0.1047
-0.1148
-0.1121
-0.0985
-0.0770
-0.0511
-0.0243
0.0000
0.0194
0.0323
0.0384
0.0381
0.0329
0.0246
0.0154
0.0073
0.0019
0.0000
0.0018
0.0068
0.0137
0.0211
0.0271
0.0302
0.0292
0.0236
0.0136
0.0000
-0.0157
-0.0317
-0.0459
-0.0563
-0.0614
-0.0602
-0.0526
-0.0390
-0.0208
0.0000
0.0213
0.0407
0.0560
0.0657
0.0687
0.0647
0.0543
0.0388
0.0200
0.0000
-0.0189
-0.0348
-0.0461
-0.0520
-0.0522
-0.0470
-0.0377
-0.0256
-0.0125
0.0000
0.0104
0.0178
0.0216
0.0220
0.0194
0.0148
0.0095
0.0046
0.0012
0.0000
0.0012
0.0046
0.0095
0.0148
0.0194
0.0221
0.0218
0.0179
0.0105
0.0000
-0.0126
-0.0259
-0.0381
-0.0476
-0.0528
-0.0527
-0.0468
-0.0353
-0.0192
0.0000
0.0203
0.0394
0.0553
0.0659
0.0700
0.0671
0.0573
0.0416
0.0218
0.0000
-0.0214
-0.0400
-0.0540
-0.0619
-0.0631
-0.0579
-0.0473
-0.0327
-0.0162
0.0000
0.0141
0.0244
0.0302
0.0312
0.0280
0.0219
0.0143
0.0071
0.0019
0.0000
0.0020
0.0077
0.0161
0.0257
0.0344
0.0399
0.0402
0.0339
0.0203
0.0000
-0.0255
-0.0536
-0.0810
-0.1037
-0.1181
-0.1210
-0.1104
-0.0857
-0.0480
0.0000
0.0539
0.1081
0.1565
0.1930
0.2125
0.2112
0.1873
0.1416
0.0773
0.0000
-0.0830
-0.1632
-0.2319
-0.2809
-0.3039
-0.2970
-0.2592
-0.1930
-0.1039
0.0000
0.1084
0.2103
0.2948
0.3526
0.3768
0.3638
0.3138
0.2309
0.1228
0.0000
-0.1253
-0.2404
-0.3333
-0.3943
-0.4167
-0.3979
-0.3395
-0.2471
-0.1300
0.0000
0.1297
0.2460
0.3372
0.3943
0.4118
0.3885
0.3274
0.2353
0.1222
0.0000
-0.1187
-0.2220
-0.2999
-0.3454
-0.3552
-0.3296
-0.2730
-0.1927
-0.0982
0.0000
0.0914
0.1670
0.2200
0.2466
0.2461
0.2212
0.1768
0.1199
0.0584
0.0000
-0.0488
-0.0833
-0.1013
-0.1030
-0.0910
-0.0698
-0.0449
-0.0219
-0.0058
0.0000
-0.0059
-0.0225
-0.0467
-0.0736
-0.0972
-0.1114
-0.1110
-0.0925
-0.0549
0.0000
0.0675
0.1403
0.2096
0.2658
0.2997
0.3043
0.2751
0.2116
0.1174
0.0000
-0.1294
-0.2575
-0.3698
-0.4525
-0.4942
-0.4872
-0.4288
-0.3217
-0.1744
0.0000
0.1845
0.3601
0.5080
0.6111
0.6567
0.6375
0.5529
0.4090
0.2187
0.0000
-0.2255
-0.4347
-0.6058
-0.7203
-0.7653
-0.7346
-0.6301
-0.4611
-0.2439
0.0000
0.2462
0.4699
0.6481
0.7627
0.8021
0.7621
0.6470
0.4686
0.2454
0.0000
-0.2425
-0.4579
-0.6248
-0.7273
-0.7563
-0.7104
-0.5961
-0.4266
-0.2206
0.0000
0.2126
0.3959
0.5326
0.6110
0.6257
0.5784
0.4772
0.3355
0.1703
0.0000
-0.1574
-0.2865
-0.3761
-0.4201
-0.4178
-0.3741
-0.2980
-0.2014
-0.0978
0.0000
0.0812
0.1381
0.1673
0.1696
0.1494
0.1143
0.0732
0.0356
0.0094
0.0000
0.0095
0.0361
0.0748
0.1175
0.1547
0.1769
0.1758
0.1461
0.0864
0.0000
-0.1056
-0.2191
-0.3264
-0.4127
-0.4642
-0.4700
-0.4238
-0.3252
-0.1799
0.0000
0.1974
0.3917
0.5610
0.6848
0.7460
0.7337
0.6442
0.4822
0.2607
0.0000
-0.2745
-0.5347
-0.7524
-0.9031
-0.9683
-0.9379
-0.8115
-0.5990
-0.3196
0.0000
0.3280
0.6310
0.8775
1.0412
1.1038
1.0573
0.9050
0.6609
0.3489
0.0000
-0.3507
-0.6679
-0.9194
-1.0799
-1.1333
-1.0747
-0.9106
-0.6583
-0.3440
0.0000
0.3387
0.6382
0.8692
1.0099
1.0482
0.9828
0.8231
0.5880
0.3036
0.0000
-0.2914
-0.5417
-0.7275
-0.8331
-0.8516
-0.7859
-0.6473
-0.4543
-0.2302
0.0000
0.2120
0.3853
0.5049
0.5629
0.5590
0.4997
0.3973
0.2681
0.1300
0.0000
-0.1075
-0.1826
-0.2210
-0.2236
-0.1967
-0.1502
-0.0961
-0.0467
-0.0123
0.0000
-0.0123
-0.0470
-0.0972
-0.1525
-0.2005
-0.2289
-0.2271
-0.1884
-0.1113
0.0000
0.1357
0.2810
0.4180
0.5277
0.5927
0.5992
0.5396
0.4134
0.2284
0.0000
-0.2499
-0.4951
-0.7082
-0.8632
-0.9391
-0.9223
-0.8086
-0.6044
-0.3264
0.0000
0.3427
0.6666
0.9367
1.1229
1.2023
1.1630
1.0049
0.7408
0.3947
0.0000
-0.4040
-0.7763
-1.0781
-1.2775
-1.3526
-1.2940
-1.1061
-0.8068
-0.4254
0.0000
0.4265
0.8112
1.1152
1.3082
1.3712
1.2986
1.0990
0.7935
0.4141
0.0000
-0.4067
-0.7655
-1.0413
-1.2083
-1.2526
-1.1731
-0.9813
-0.7002
-0.3610
0.0000
0.3457
0.6419
0.8611
0.9848
1.0056
0.9269
0.7625
0.5345
0.2705
0.0000
-0.2486
-0.4512
-0.5906
-0.6577
-0.6524
-0.5825
-0.4626
-0.3118
-0.1510
0.0000
0.1246
0.2115
0.2555
0.2583
0.2269
0.1731
0.1106
0.0537
0.0141
0.0000
0.0142
0.0539
0.1112
0.1742
0.2288
0.2609
0.2586
0.2143
0.1265
0.0000
-0.1538
-0.3182
-0.4728
-0.5963
-0.6690
-0.6756
-0.6077
-0.4650
-0.2566
0.0000
0.2802
0.5546
0.7924
0.9649
1.0486
1.0287
0.9009
0.6728
0.3629
0.0000
-0.3803
-0.7388
-1.0371
-1.2419
-1.3284
-1.2835
-1.1080
-0.8159
-0.4343
0.0000
0.4436
0.8514
1.1813
1.3983
1.4789
1.4133
1.2069
0.8793
0.4631
0.0000
