3.13953E-05
0.000125333
0.000281072
0.00049738
0.000772542
0.001104374
0.001490228
0.001927015
0.002411221
0.002938926
0.003505832
0.004107283
0.004738296
0.005393593
0.006067627
0.006754623
0.007448607
0.008143443
0.008832877
0.009510565
0.010170123
0.01080516
0.011409319
0.011976321
0.0125
0.012974347
0.013393548
0.013752022
0.014044456
0.014265848
0.014411536
0.014477233
0.01445906
0.014353575
0.014157797
0.013869238
0.01348592
0.013006395
0.012429768
0.011755705
0.010984449
0.010116827
0.009154255
0.00809874
0.006952882
0.005719867
0.004403461
0.003007998
0.001538368
-3.02438E-17
-0.001601158
-0.003258664
-0.004965605
-0.006714627
-0.008497967
-0.010307487
-0.01213471
-0.013970857
-0.01580689
-0.017633558
-0.019441432
-0.02122096
-0.022962512
-0.024656424
-0.026293052
-0.027862822
-0.029356274
-0.03076412
-0.032077289
-0.033286978
-0.034384702
-0.035362341
-0.036212187
-0.036926989
-0.0375
-0.037925016
-0.038196416
-0.038309203
-0.038259035
-0.038042261
-0.037655948
-0.037097909
-0.036366727
-0.035461773
-0.034383222
-0.033132069
-0.031710135
-0.030120073
-0.028365368
-0.026450336
-0.024380119
-0.022160669
-0.019798737
-0.017301854
-0.014678307
-0.011937115
-0.009087994
-0.006141328
-0.003108131
2.09793E-16
0.003170921
0.006391995
0.009650138
0.012931874
0.016223392
0.019510601
0.022779192
0.026014698
0.02920256
0.032328189
0.035377031
0.038334638
0.041186727
0.043919255
0.046518477
0.04897102
0.051263941
0.053384796
0.055321701
0.057063391
0.058599281
0.059919522
0.061015054
0.061877657
0.0625
0.062875684
0.062999284
0.062866384
0.062473614
0.061818674
0.06090036
0.059718585
0.058274394
0.056569971
0.054608647
0.052394901
0.049934351
0.04723375
0.044300967
0.041144968
0.037775789
0.034204511
0.030443219
0.026504968
0.022403732
0.018154362
0.013772527
0.009274659
0.004677894
-5.05341E-16
-0.004740684
-0.009525326
-0.014334671
-0.019149121
-0.023948817
-0.028713715
-0.033423674
-0.03805854
-0.04259823
-0.04702282
-0.051312631
-0.055448316
-0.059410943
-0.063182086
-0.066743902
-0.070079218
-0.073171608
-0.076005472
-0.078566113
-0.080839804
-0.08281386
-0.084476704
-0.085817922
-0.086828325
-0.0875
-0.087826352
-0.087802151
-0.087423565
-0.086688193
-0.085595086
-0.084144772
-0.082339262
-0.080182061
-0.077678169
-0.074834072
-0.071657732
-0.068158567
-0.064347428
-0.060236567
-0.055839599
-0.051171459
-0.046248353
-0.041087702
-0.035708082
-0.030129157
-0.024371609
-0.018457059
-0.01240799
-0.006247657
8.39172E-16
0.006310447
0.012658657
0.019019203
0.025366368
0.031674242
0.037916829
0.044068157
0.050102382
0.0559939
0.061717451
0.067248231
0.072561993
0.077635159
0.082444917
0.086969327
0.091187416
0.095079275
0.098626149
0.101810525
0.104616217
0.107028439
0.109033885
0.110620789
0.111778994
0.1125
0.11277702
0.112605019
0.111980747
0.110902772
0.109371499
0.107389184
0.104959938
0.102089728
0.098786367
0.095059497
0.090920563
0.086382782
0.081461106
0.076172167
0.07053423
0.064567129
0.058292195
0.051732184
0.044911195
0.037854582
0.030588856
0.023141592
0.015541321
0.00781742
7.40404E-15
-0.00788021
-0.015791987
-0.023703736
-0.031583616
-0.039399667
-0.047119943
-0.054712639
-0.062146224
-0.06938957
-0.076412083
-0.083183831
-0.089675671
-0.095859375
-0.101707748
-0.107194752
-0.112295614
-0.116986942
-0.121246825
-0.125054937
-0.12839263
-0.131243018
-0.133591066
-0.135423657
-0.136729662
-0.1375
-0.137727689
-0.137407886
-0.136537928
-0.135117351
-0.133147912
-0.130633596
-0.127580614
-0.123997395
-0.119894565
-0.115284922
-0.110183394
-0.104606998
-0.098574783
-0.092107767
-0.085228862
-0.077962799
-0.070336036
-0.062376666
-0.054114309
-0.045580007
-0.036806103
-0.027826125
-0.018674652
-0.009387183
-1.8762E-14
0.009449973
0.018925318
0.028388269
0.037800863
0.047125092
0.056323057
0.065357121
0.074190066
0.08278524
0.091106714
0.09911943
0.106789349
0.11408359
0.120970579
0.127420177
0.133403812
0.138894609
0.143867501
0.148299349
0.152169043
0.155457597
0.158148247
0.160226524
0.16168033
0.1625
0.162678357
0.162210754
0.161095109
0.15933193
0.156924325
0.153878008
0.150201291
0.145905062
0.141002764
0.135510347
0.129446225
0.122831214
0.115688461
0.108043366
0.099923493
0.091358469
0.082379878
0.073021149
0.063317423
0.053305432
0.04302335
0.032510658
0.021807983
0.010956946
3.37232E-14
-0.011019736
-0.022058649
-0.033072802
-0.04401811
-0.054850517
-0.06552617
-0.076001604
-0.086233908
-0.09618091
-0.105801345
-0.11505503
-0.123903026
-0.132307806
-0.14023341
-0.147645601
-0.15451201
-0.160802276
-0.166488178
-0.171543762
-0.175945456
-0.179672176
-0.182705429
-0.185029392
-0.186630998
-0.1875
-0.187629025
-0.187013621
-0.18565229
-0.183546509
-0.180700738
-0.177122421
-0.172821967
-0.167812729
-0.162110962
-0.155735771
-0.148709056
-0.141055429
-0.132802139
-0.123978966
-0.114618124
-0.104754138
-0.09442372
-0.083665631
-0.072520537
-0.061030856
-0.049240598
-0.037195191
-0.024941313
-0.012526709
-5.20656E-14
0.012589499
0.02519198
0.037757335
0.050235357
0.062575941
0.074729284
0.086646086
0.09827775
0.10957658
0.120495977
0.13099063
0.141016704
0.150532022
0.159496241
0.167871026
0.175620209
0.182709943
0.189108854
0.194788174
0.199721868
0.203886755
0.20726261
0.209832259
0.211581666
0.2125
0.212579693
0.211816489
0.210209472
0.207761088
0.204477151
0.200366833
0.195442643
0.189720396
0.18321916
0.175961196
0.167971887
0.159279645
0.149915816
0.139914566
0.129312756
0.118149808
0.106467562
0.094310113
0.081723651
0.068756281
0.055457845
0.041879724
0.028074644
0.014096472
7.29899E-14
-0.014159262
-0.028325311
-0.042441868
-0.056452604
-0.070301366
-0.083932398
-0.097290568
-0.110321591
-0.122972249
-0.135190608
-0.14692623
-0.158130381
-0.168756237
-0.178759072
-0.188096451
-0.196728407
-0.20461761
-0.21172953
-0.218032586
-0.223498281
-0.228101334
-0.231819791
-0.234635127
-0.236532335
-0.2375
-0.237530361
-0.236619356
-0.234766653
-0.231975667
-0.228253564
-0.223611245
-0.21806332
-0.211628063
-0.204327358
-0.196186621
-0.187234718
-0.177503861
-0.167029494
-0.155850165
-0.144007387
-0.131545478
-0.118511404
-0.104954595
-0.090926765
-0.076481706
-0.061675092
-0.046564257
-0.031207975
-0.015666235
-9.80059E-14
0.015729025
0.031458642
0.047126401
0.062669852
0.078026791
0.093135512
0.10793505
0.122365433
0.136367919
0.149885239
0.162861829
0.175244059
0.186980453
0.198021903
0.208321876
0.217836605
0.226525277
0.234350207
0.241276998
0.247274694
0.252315913
0.256376972
0.259437994
0.261483003
0.2625
0.26248103
0.261422224
0.259323834
0.256190246
0.252029977
0.246855657
0.240683996
0.23353573
0.225435556
0.216412046
0.206497549
0.195728076
0.184143171
0.171785765
0.158702018
0.144941148
0.130555246
0.115599078
0.100129878
0.084207131
0.067892339
0.05124879
0.034341306
0.017235998
1.26403E-13
-0.017298788
-0.034591972
-0.051810933
-0.068887099
-0.085752216
-0.102338626
-0.118579533
-0.134409275
-0.149763589
-0.164579871
-0.178797429
-0.192357737
-0.205204669
-0.217284734
-0.228547301
-0.238944803
-0.248432944
-0.256970883
-0.26452141
-0.271051107
-0.276530493
-0.280934154
-0.284240862
-0.286433671
-0.2875
-0.287431698
-0.286225091
-0.283881015
-0.280404825
-0.27580639
-0.270100069
-0.263304672
-0.255443397
-0.246543754
-0.236637471
-0.22576038
-0.213952292
-0.201256849
-0.187721365
-0.173396649
-0.158336818
-0.142599088
-0.12624356
-0.109332992
-0.091932556
-0.074109586
-0.055933322
-0.037474637
-0.018805761
-1.58182E-13
0.018868551
0.037725303
0.056495466
0.075104346
0.093477641
0.111541739
0.129224015
0.146453117
0.163159259
0.179274502
0.194733029
0.209471414
0.223428884
0.236547566
0.248772726
0.260053001
0.270340611
0.279591559
0.287765822
0.29482752
0.300745072
0.305491335
0.309043729
0.311384339
0.3125
0.312382366
0.311027959
0.308438197
0.304619404
0.299582803
0.293344481
0.285925349
0.277351064
0.267651952
0.256862896
0.245023211
0.232176508
0.218370527
0.203656965
0.188091281
0.171732488
0.154642929
0.136888042
0.118536106
0.099657981
0.080326834
0.060617855
0.040607968
0.020375524
1.93341E-13
-0.020438314
-0.040858634
-0.061179999
-0.081321593
-0.101203066
-0.120744853
-0.139868497
-0.158496959
-0.176554929
-0.193969133
-0.210668629
-0.226585092
-0.2416531
-0.255810397
-0.268998151
-0.281161199
-0.292248278
-0.302212236
-0.311010235
-0.318603933
-0.324959651
-0.330048516
-0.333846597
-0.336335007
-0.3375
-0.337333034
-0.335830826
-0.332995378
-0.328833983
-0.323359216
-0.316588893
-0.308546025
-0.299258731
-0.288760151
-0.277088321
-0.264286042
-0.250400724
-0.235484204
-0.219592564
-0.202785912
-0.185128158
-0.166686771
-0.147532525
-0.12773922
-0.107383406
-0.086544081
-0.065302388
-0.043741299
-0.021945287
-2.31882E-13
0.022008077
0.043991965
0.065864532
0.08753884
0.108928491
0.129947967
0.15051298
0.170540801
0.189950599
0.208663765
0.226604228
0.24369877
0.259877316
0.275073228
0.289223575
0.302269397
0.314155945
0.324832912
0.334254647
0.342380346
0.34917423
0.354605698
0.358649465
0.361285676
0.3625
0.362283702
0.360633694
0.357552559
0.353048562
0.347135628
0.339833306
0.331166701
0.321166398
0.309868349
0.297313745
0.283548873
0.268624939
0.252597882
0.235528164
0.217480543
0.198523828
0.178730613
0.158177007
0.136942334
0.11510883
0.092761328
0.069986921
0.046874629
0.02351505
2.73804E-13
-0.02357784
-0.047125296
-0.070549065
-0.093756087
-0.116653915
-0.139151081
-0.161157462
-0.182584642
-0.203346269
-0.223358396
-0.242539828
-0.260812447
-0.278101531
-0.294336059
-0.309449
-0.323377595
-0.336063612
-0.347453588
-0.357499059
-0.366156759
-0.373388809
-0.379162879
-0.383452332
-0.386236344
-0.3875
-0.387234371
-0.385436561
-0.382109741
-0.377263141
-0.370912041
-0.363077718
-0.353787378
-0.343074065
-0.330976547
-0.31753917
-0.302811704
-0.286849155
-0.26971156
-0.251463764
-0.232175175
-0.211919497
-0.190774455
-0.168821489
-0.146145447
-0.122834255
-0.098978575
-0.074671454
-0.05000796
-0.025084813
-3.19107E-13
0.025147603
0.050258627
0.075233598
0.099973335
0.12437934
0.148354195
0.171801944
0.194628484
0.216741939
0.238053027
0.258475428
0.277926125
0.296325747
0.31359889
0.329674425
0.344485794
0.357971279
0.370074264
0.380743471
0.389933172
0.397603388
0.40372006
0.4082552
0.411187012
0.4125
0.412185039
0.410239429
0.406666922
0.40147772
0.394688454
0.38632213
0.376408054
0.364981732
0.352084745
0.337764595
0.322074535
0.305073371
0.286825237
0.267399364
0.246869806
0.225315167
0.202818297
0.179465971
0.155348561
0.13055968
0.105195822
0.079355987
0.053141291
0.026654576
3.64772E-13
-0.026717366
-0.053391957
-0.079918131
-0.106190582
-0.132104765
-0.157557309
-0.182446426
-0.206672326
-0.230137608
-0.252747658
-0.274411028
-0.295039803
-0.314549963
-0.332861721
-0.34989985
-0.365593992
-0.379878946
-0.392694941
-0.403987883
-0.413709585
-0.421817967
-0.428277241
-0.433058067
-0.43613768
-0.4375
-0.437135707
-0.435042297
-0.431224103
-0.425692299
-0.418464867
-0.409566542
-0.39902873
-0.386889399
-0.373192943
-0.35799002
-0.341337367
-0.323297586
-0.303938915
-0.283334963
-0.261564437
-0.238710837
-0.214862139
-0.190110454
-0.164551675
-0.138285105
-0.111413069
-0.08404052
-0.056274622
-0.028224339
-4.1666E-13
0.028287129
0.056525288
0.084602664
0.112407829
0.13983019
0.166760422
0.193090909
0.218716168
0.243533278
0.26744229
0.290346627
0.31215348
0.332774178
0.352124552
0.370125275
0.38670219
0.401786613
0.415315617
0.427232295
0.437485997
0.446032546
0.452834423
0.457860935
0.461088349
0.4625
0.462086375
0.459845164
0.455781284
0.449906878
0.44224128
0.432810954
0.421649406
0.408797066
0.394301141
0.378215445
0.360600198
0.341521802
0.321052593
0.299270563
0.276259069
0.252106507
0.226905981
0.200754936
0.173754789
0.14601053
0.117630317
0.088725052
0.059407953
0.029794102
4.71929E-13
-0.029856892
-0.059658619
-0.089287196
-0.118625076
-0.147555615
-0.175963536
-0.203735391
-0.23076001
-0.256928948
-0.282136921
-0.306282227
-0.329267158
-0.350998394
-0.371387383
-0.3903507
-0.407810388
-0.42369428
-0.437936293
-0.450476707
-0.46126241
-0.470247125
-0.477391604
-0.482663802
-0.486039017
-0.4875
-0.487037043
-0.484648032
-0.480338466
-0.474121457
-0.466017693
-0.456055366
-0.444270083
-0.430704733
-0.415409339
-0.39844087
-0.379863029
-0.359746018
-0.33816627
-0.315206163
-0.2909537
-0.265502177
-0.238949822
-0.211399418
-0.182957903
-0.153735955
-0.123847564
-0.093409585
-0.062541284
-0.031363865
-5.30579E-13
0.031426655
0.06279195
0.093971729
0.124842323
0.15528104
0.18516665
0.214379873
0.242803852
0.270324618
0.296831552
0.322217827
0.346380836
0.36922261
0.390650214
0.410576125
0.428918586
0.445601947
0.46055697
0.47372112
0.485038823
0.494461704
0.501948785
0.50746667
0.510989685
0.5125
0.511987712
0.509450899
0.504895647
0.498336036
0.489794106
0.479299778
0.466890759
0.4526124
0.436517537
0.418666295
0.39912586
0.377970233
0.355279948
0.331141763
0.305648331
0.278897847
0.250993664
0.222043901
0.192161017
0.16146138
0.130064811
0.098094118
0.065674614
0.032933627
5.96341E-13
-0.032996418
-0.065925281
-0.098656262
-0.131059571
-0.163006465
-0.194369764
-0.225024356
-0.254847694
-0.283720288
-0.311526184
-0.338153427
-0.363494513
-0.387446825
-0.409913045
-0.43080155
-0.450026784
-0.467509614
-0.483177646
-0.496965532
-0.508815236
-0.518676283
-0.526505966
-0.532269537
-0.535940353
-0.5375
-0.53693838
-0.534253767
-0.529452828
-0.522550615
-0.513570519
-0.502544191
-0.489511435
-0.474520067
-0.457625736
-0.438891719
-0.418388691
-0.396194449
-0.372393626
-0.347077362
-0.320342962
-0.292293517
-0.263037506
-0.232688383
-0.20136413
-0.169186804
-0.136282058
-0.102778651
-0.068807945
-0.03450339
-6.61932E-13
0.034566181
0.069058612
0.103340795
0.137276818
0.170731889
0.203572878
0.235668838
0.266891535
0.297115958
0.326220815
0.354089026
0.380608191
0.405671041
0.429175876
0.451026974
0.471134982
0.489417281
0.505798322
0.520209944
0.532591649
0.542890862
0.551063148
0.557072405
0.560891021
0.5625
0.561889048
0.559056634
0.554010009
0.546765194
0.537346932
0.525788603
0.512132112
0.496427734
0.478733934
0.459117144
0.437651522
0.414418665
0.389507303
0.363012962
0.335037594
0.305689187
0.275081348
0.243332865
0.210567244
0.176912229
0.142499305
0.107463184
0.071941276
0.036073153
7.30904E-13
-0.036135944
-0.072191943
-0.108025328
-0.143494065
-0.178457314
-0.212775991
-0.24631332
-0.278935377
-0.310511628
-0.340915446
-0.370024626
-0.397721869
-0.423895257
-0.448438707
-0.471252399
-0.492243181
-0.511324948
-0.528418999
-0.543454356
-0.556368062
-0.567105441
-0.575620329
-0.581875272
-0.58584169
-0.5875
-0.586839716
-0.583859502
-0.578567191
-0.570979773
-0.561123345
-0.549033015
-0.534752788
-0.518335401
-0.499842132
-0.479342569
-0.456914353
-0.43264288
-0.406620981
-0.378948562
-0.349732225
-0.319084856
-0.28712519
-0.253977347
-0.219770358
-0.184637654
-0.148716553
-0.112147717
-0.075074607
-0.037642916
-7.9473E-13
0.037705707
0.075325273
0.112709861
0.149711312
0.186182739
0.221979105
0.256957802
0.290979219
0.323907298
0.355610078
0.385960226
0.414835546
0.442119473
0.467701538
0.491477824
0.513351379
0.533232615
0.551039675
0.566698768
0.580144475
0.59132002
0.60017751
0.60667814
0.610792358
0.6125
0.611790385
0.608662369
0.603124372
0.595194353
0.584899758
0.572277427
0.557373464
0.540243068
0.52095033
0.499567994
0.476177184
0.450867096
0.423734659
0.394884162
0.364426856
0.332480526
0.299169032
0.26462183
0.228973472
0.192363079
0.1549338
0.11683225
0.078207938
0.039212679
8.70109E-13
-0.03927547
-0.078458604
-0.117394394
-0.155928559
-0.193908164
-0.231182219
-0.267602285
-0.303023061
-0.337302967
-0.370304709
-0.401895826
-0.431949224
-0.460343688
-0.486964369
-0.511703249
-0.534459577
-0.555140282
-0.573660351
-0.58994318
-0.603920888
-0.615534599
-0.624734691
-0.631481007
-0.635743026
-0.6375
-0.636741053
-0.633465237
-0.627681553
-0.619408932
-0.60867617
-0.595521839
-0.579994141
-0.562150735
-0.542058528
-0.519793419
-0.495440015
-0.469091312
-0.440848336
-0.410819761
-0.379121488
-0.345876196
-0.311212873
-0.275266312
-0.238176586
-0.200088504
-0.161151047
-0.121516783
-0.081341269
-0.040782442
-9.48869E-13
0.040845233
0.081591935
0.122078926
0.162145806
0.201633589
0.240385333
0.278246767
0.315066903
0.350698637
0.38499934
0.417831425
0.449062901
0.478567904
0.506227201
0.531928674
0.555567775
0.577047949
0.596281028
0.613187592
0.627697301
0.639749178
0.649291873
0.656283875
0.660693694
0.6625
0.661691721
0.658268104
0.652238734
0.643623511
0.632452583
0.618766251
0.602614817
0.584058402
0.563166726
0.540018844
0.514702846
0.487315527
0.457962014
0.426755361
0.393816119
0.359271866
0.323256715
0.285910794
0.247379699
0.207813929
0.167368294
0.126201315
0.084474599
0.042352205
1.03101E-12
-0.042414996
-0.084725266
-0.126763459
-0.168363054
-0.209359014
-0.249588447
-0.288891249
-0.327110745
-0.364094307
-0.399693972
-0.433767025
-0.466176579
-0.49679212
-0.525490032
-0.552154099
-0.576675973
-0.598955616
-0.618901704
-0.636432005
-0.651473714
-0.663963757
-0.673849054
-0.681086742
-0.685644362
-0.6875
-0.686642389
-0.683070972
-0.676795916
-0.66783809
-0.656228996
-0.642010664
-0.625235493
-0.605966069
-0.584274924
-0.560244269
-0.533965677
-0.505539743
-0.475075692
-0.442690961
-0.40851075
-0.372667536
-0.335300557
-0.296555277
-0.256582813
-0.215539354
-0.173585541
-0.130885848
-0.08760793
-0.043921968
-1.11653E-12
0.043984759
0.087858597
0.131447992
0.174580301
0.217084439
0.258791561
0.299535732
0.339154587
0.377489977
0.414388603
0.449702625
0.483290257
0.515016335
0.544752863
0.572379524
0.597784171
0.620863283
0.64152238
0.659676417
0.675250127
0.688178336
0.698406235
0.70588961
0.710595031
0.7125
0.711593057
0.707873839
0.701353097
0.692052669
0.680005409
0.665255076
0.64785617
0.627873736
0.605383123
0.580469693
0.553228508
0.523763959
0.492189369
0.458626561
0.423205382
0.386063206
0.347344399
0.307199759
0.265785927
0.223264778
0.179802788
0.135570381
0.090741261
0.045491731
1.20544E-12
-0.045554522
-0.090991928
-0.136132525
-0.180797548
-0.224809863
-0.267994674
-0.310180214
-0.351198428
-0.390885647
-0.429083234
-0.465638225
-0.500403934
-0.533240551
-0.564015694
-0.592604948
-0.618892369
-0.64277095
-0.664143057
-0.682920829
-0.699026539
-0.712392915
-0.722963417
-0.730692478
-0.735545699
-0.7375
-0.736543726
-0.732676707
-0.725910278
-0.716267248
-0.703781822
-0.688499488
-0.670476846
-0.649781403
-0.626491321
-0.600695118
-0.572491339
-0.541988174
-0.509303047
-0.47456216
-0.437900013
-0.399458876
-0.359388241
-0.317844241
-0.274989041
-0.230990203
-0.186020036
-0.140254914
-0.093874592
-0.047061494
-1.29772E-12
0.047124285
0.094125258
0.140817058
0.187014795
0.232535288
0.277197788
0.320824696
0.36324227
0.404281317
0.443777865
0.481573824
0.517517612
0.551464767
0.583278525
0.612830373
0.640000568
0.664678617
0.686763733
0.706165241
0.722802952
0.736607494
0.747520598
0.755495345
0.760496367
0.7625
0.761494394
0.757479574
0.75046746
0.740481827
0.727558235
0.7117439
0.693097522
0.67168907
0.647599519
0.620920543
0.59175417
0.56021239
0.526416724
0.49049776
0.452594644
0.412854546
0.371432083
0.328488723
0.284192155
0.238715628
0.192237283
0.144939447
0.097007923
0.048631257
1.39339E-12
-0.048694048
-0.097258589
-0.145501591
-0.193232042
-0.240260713
-0.286400902
-0.331469178
-0.375286112
-0.417676987
-0.458472497
-0.497509424
-0.53463129
-0.569688982
-0.602541356
-0.633055798
-0.661108766
-0.686586284
-0.709384409
-0.729409653
-0.746579365
-0.760822073
-0.772077779
-0.780298213
-0.785447035
-0.7875
-0.786445062
-0.782282442
-0.775024641
-0.764696406
-0.751334648
-0.734988312
-0.715718199
-0.693596737
-0.668707717
-0.641145968
-0.611017002
-0.578436606
-0.543530402
-0.50643336
-0.467289276
-0.426250215
-0.383475925
-0.339133206
-0.293395268
-0.246441053
-0.19845453
-0.14962398
-0.100141254
-0.05020102
-1.49243E-12
0.050263811
0.10039192
0.150186124
0.19944929
0.247986138
0.295604016
0.342113661
0.387329954
0.431072657
0.473167128
0.513445024
0.551744967
0.587913198
0.621804187
0.653281223
0.682216964
0.708493951
0.732005085
0.752654065
0.770355778
0.785036652
0.79663496
0.80510108
0.810397703
0.8125
0.81139573
0.80708531
0.799581822
0.788910985
0.775111061
0.758232724
0.738338875
0.715504404
0.689815915
0.661371393
0.630279833
0.596660822
0.56064408
0.52236896
0.481983907
0.439645885
0.395519766
0.349777688
0.302598382
0.254166478
0.204671777
0.154308513
0.103274584
0.051770783
1.14935E-12
-0.051833574
-0.103525251
-0.154870657
-0.205666537
-0.255711563
-0.30480713
-0.352758143
-0.399373796
-0.444468326
-0.487861759
-0.529380623
-0.568858645
-0.606137414
-0.641067018
-0.673506648
-0.703325162
-0.730401618
-0.754625762
-0.775898477
-0.794132191
-0.809251231
-0.821192142
-0.829903948
-0.835348372
-0.8375
-0.836346398
-0.831888177
-0.824139003
-0.813125564
-0.798887474
-0.781477136
-0.760959551
-0.737412071
-0.710924113
-0.681596818
-0.649542664
-0.614885037
-0.577757757
-0.538304559
-0.496678538
-0.453041555
-0.407563608
-0.36042217
-0.311801496
-0.261891903
-0.210889024
-0.158993045
-0.106407915
-0.053340546
-7.58492E-13
0.053403337
0.106658582
0.159555189
0.211883784
0.263436988
0.314010243
0.363402625
0.411417638
0.457863996
0.502556391
0.545316223
0.585972323
0.624361629
0.660329849
0.693732073
0.72443336
0.752309285
0.777246438
0.79914289
0.817908604
0.83346581
0.845749323
0.854706815
0.86029904
0.8625
0.861297067
0.856691045
0.848696185
0.837340143
0.822663887
0.804721549
0.783580227
0.759319738
0.732032311
0.701822243
0.668805495
0.633109253
0.594871435
0.554240159
0.511373169
0.466437225
0.41960745
0.371066653
0.32100461
0.269617328
0.217106271
0.163677578
0.109541246
0.054910309
3.55027E-13
-0.0549731
-0.109791913
-0.164239722
-0.218101031
-0.271162413
-0.323213357
-0.374047108
-0.42346148
-0.471259666
-0.517251022
-0.561251823
-0.603086
-0.642585845
-0.67959268
-0.713957498
-0.745541558
-0.774216952
-0.799867114
-0.822387302
-0.841685017
-0.857680389
-0.870306504
-0.879509683
-0.885249708
-0.8875
-0.886247735
-0.881493912
-0.873253366
-0.861554722
-0.8464403
-0.827965961
-0.806200904
-0.781227405
-0.75314051
-0.722047667
-0.688068326
-0.651333469
-0.611985113
-0.570175759
-0.526067801
-0.479832895
-0.431651292
-0.381711135
-0.330207724
-0.277342752
-0.223323519
-0.168362111
-0.112674577
-0.056480072
7.27691E-14
0.056542863
0.112925243
0.168924255
0.224318278
0.278887837
0.332416471
0.38469159
0.435505321
0.484655336
0.531945653
0.577187423
0.620199678
0.660810061
0.698855511
0.734182922
0.766649756
0.796124619
0.822487791
0.845631714
0.86546143
0.881894968
0.894863685
0.90431255
0.910200376
0.9125
0.911198403
0.90629678
0.897810547
0.885769301
0.870216712
0.851210373
0.82882158
0.803135072
0.774248708
0.742273092
0.707331157
0.669557684
0.62909879
0.586111359
0.540762432
0.493228565
0.443695134
0.392355617
0.339410838
0.285068177
0.229540766
0.173046644
0.115807908
0.058049835
-5.3804E-13
-0.058112626
-0.116058574
-0.173608788
-0.230535525
-0.286613262
-0.341619585
-0.395336072
-0.447549163
-0.498051006
-0.546640285
-0.593123022
-0.637313356
-0.679034276
-0.718118342
-0.754408347
-0.787757954
-0.818032286
-0.845108467
-0.868876126
-0.889237843
-0.906109547
-0.919420867
-0.929115418
-0.935151045
-0.9375
-0.936149071
-0.931099647
-0.922367728
-0.90998388
-0.893993125
-0.874454785
-0.851442256
-0.825042739
-0.795356906
-0.762498517
-0.726593988
-0.6877819
-0.646212468
-0.602046958
-0.555457063
-0.506624235
-0.455738976
-0.403000099
-0.348613951
-0.292793602
-0.235758013
-0.177731177
-0.118941239
-0.059619598
1.01485E-12
0.059682389
0.119191905
0.178293321
0.236752773
0.294338687
0.350822699
0.405980555
0.459593005
0.511446676
0.561334916
0.609058622
0.654427033
0.697258492
0.737381173
0.774633772
0.808866153
0.839939953
0.867729143
0.892120538
0.913014256
0.930324126
0.943978048
0.953918285
0.960101713
0.9625
0.961099739
0.955902515
0.94692491
0.934198459
0.917769538
0.897699197
0.874062933
0.846950406
0.816465104
0.782723942
0.745856819
0.706006116
0.663326146
0.617982558
0.570151695
0.520019905
0.467782818
0.413644582
0.357817065
0.300519027
0.24197526
0.18241571
0.122074569
0.061189361
-1.51599E-12
-0.061252152
-0.122325236
-0.182977854
-0.24297002
-0.302064112
-0.360025813
-0.416625037
-0.471636847
-0.524842346
-0.576029547
-0.624994222
-0.671540711
-0.715482708
-0.756644004
-0.794859197
-0.829974351
-0.86184762
-0.89034982
-0.91536495
-0.936790669
-0.954538705
-0.968535229
-0.978721153
-0.985052381
-0.9875
-0.986050408
-0.980705382
-0.971482091
-0.958413038
-0.941545951
-0.920943609
-0.896683609
-0.868858073
-0.837573302
-0.802949367
-0.76511965
-0.724230331
-0.680439823
-0.633918158
-0.584846326
-0.533415574
-0.479826659
-0.424289064
-0.367020179
-0.308244452
-0.248192507
-0.187100243
-0.1252079
-0.062759124
2.05567E-12
0.062821915
0.125458567
0.187662387
0.249187267
0.309789537
0.369228926
0.427269519
0.483680689
0.538238016
0.590724179
0.640929822
0.688654389
0.733706924
0.775906835
0.815084622
0.851082549
0.883755287
0.912970496
0.938609363
0.960567081
0.978753284
0.99309241
1.00352402
1.010003049
1.0125
1.011001076
1.00550825
0.996039272
0.982627617
0.965322364
0.944188021
0.919304285
0.89076574
0.8586815
0.823174792
0.784382481
0.742454547
0.697553501
0.649853758
0.599540957
0.546811244
0.491870501
0.434933546
0.376223293
0.315969877
0.254409755
0.191784775
0.128341231
0.064328887
-2.60583E-12
-0.064391678
-0.128591898
-0.192346919
-0.255404514
-0.317514962
-0.37843204
-0.437914001
-0.495724531
-0.551633685
-0.60541881
-0.656865421
-0.705768066
-0.751931139
-0.795169667
-0.835310047
-0.872190747
-0.905662954
-0.935591172
-0.961853775
-0.984343494
-1.002967863
-1.017649592
-1.028326888
-1.034953717
-1.0375
-1.035951744
-1.030311117
-1.020596454
-1.006842196
-0.989098777
-0.967432434
-0.941924962
-0.912673407
-0.879789698
-0.843400217
-0.803645312
-0.760678763
-0.714667179
-0.665789357
-0.614235589
-0.560206914
-0.503914343
-0.445578029
-0.385426407
-0.323695302
-0.260627002
-0.196469308
-0.131474562
-0.06589865
3.19524E-12
0.065961441
0.131725228
0.197031452
0.261621761
0.325240387
0.387635154
0.448558484
0.507768373
0.565029355
0.620113441
0.672801021
0.722881744
0.770155355
0.814432498
0.855535472
0.893298945
0.927570621
0.958211849
0.985098187
1.008119907
1.027182442
1.042206773
1.053129755
1.059904386
1.0625
1.060902412
1.055113985
1.045153635
1.031056775
1.01287519
0.990676846
0.964545638
0.934581074
0.900897897
0.863625641
0.822908143
0.778902978
0.731780856
0.681724957
0.62893022
0.573602584
0.515958185
0.456222511
0.39462952
0.331420726
0.266844249
0.201153841
0.134607893
0.067468413
-3.77913E-12
-0.067531204
-0.134858559
-0.201715985
-0.267839008
-0.332965811
-0.396838268
-0.459202966
-0.519812214
-0.578425025
-0.634808072
-0.688736621
-0.739995422
-0.788379571
-0.833695329
-0.875760896
-0.914407143
-0.949478288
-0.980832525
-1.008342599
-1.03189632
-1.051397021
-1.066763954
-1.077932623
-1.084855054
-1.0875
-1.085853081
-1.079916852
-1.069710816
-1.055271354
-1.036651603
-1.013921258
-0.987166314
-0.956488741
-0.922006095
-0.883851066
-0.842170974
-0.797127194
-0.748894534
-0.697660557
-0.643624851
-0.586998254
-0.528002027
-0.466866993
-0.403832634
-0.339146151
-0.273061496
-0.205838374
-0.137741224
-0.069038176
4.41791E-12
0.069100967
0.13799189
0.206400518
0.274056256
0.340691236
0.406041382
0.469847448
0.531856056
0.591820695
0.649502704
0.704672221
0.757109099
0.806603786
0.85295816
0.895986321
0.935515341
0.971385955
1.003453201
1.031587011
1.055672733
1.0756116
1.091321136
1.102735491
1.109805722
1.1125
1.110803749
1.10471972
1.094267997
1.079485933
1.060428016
1.03716567
1.009786991
0.978396408
0.943114293
0.904076491
0.861433805
0.81535141
0.766008212
0.713596157
0.658319483
0.600393924
0.540045869
0.477511475
0.413035748
0.346871576
0.279278743
0.210522907
0.140874555
0.070607939
-5.08173E-12
-0.07067073
-0.141125221
-0.211085051
-0.280273503
-0.348416661
-0.415244495
-0.480491931
-0.543899898
-0.605216365
-0.664197335
-0.72060782
-0.774222777
-0.824828002
-0.872220991
-0.916211746
-0.95662354
-0.993293622
-1.026073877
-1.054831423
-1.079449146
-1.099826179
-1.115878317
-1.127538358
-1.13475639
-1.1375
-1.135754417
-1.129522587
-1.118825179
-1.103700512
-1.084204429
-1.060410082
-1.032407667
-1.000304075
-0.964222491
-0.924301916
-0.880696636
-0.833575625
-0.783121889
-0.729531756
-0.673014114
-0.613789594
-0.552089711
-0.488155958
-0.422238862
-0.354597001
-0.28549599
-0.21520744
-0.144007885
-0.072177702
5.7379E-12
0.072240493
0.144258552
0.215769584
0.28649075
0.356142086
0.424447609
0.491136413
0.55594374
0.618612035
0.678891966
0.73654342
0.791336454
0.843052218
0.891483822
0.936437171
0.977731738
1.015201289
1.048694554
1.078075835
1.103225559
1.124040758
1.140435498
1.152341226
1.159707058
1.1625
1.160705085
1.154325455
1.14338236
1.127915091
1.107980841
1.083654494
1.055028343
1.022211742
0.985330689
0.944527341
0.899959468
0.851799841
0.800235567
0.745467356
0.687708745
0.627185264
0.564133552
0.49880044
0.431441976
0.362322426
0.291713238
0.219891973
0.147141216
0.073747465
-6.45109E-12
-0.073810256
-0.147391883
-0.220454117
-0.292707997
-0.363867511
-0.433650723
-0.501780895
-0.567987582
-0.632007705
-0.693586598
-0.75247902
-0.808450132
-0.861276433
-0.910746653
-0.956662596
-0.998839936
-1.037108956
-1.07131523
-1.101320248
-1.127001972
-1.148255338
-1.164992679
-1.177144093
-1.184657727
-1.1875
-1.185655753
-1.179128323
-1.167939541
-1.15212967
-1.131757254
-1.106898906
-1.077649019
-1.044119409
-1.006438887
-0.964752766
-0.919222299
-0.870024057
-0.817349244
-0.761402956
-0.702403376
-0.640580933
-0.576177394
-0.509444922
-0.44064509
-0.370047851
-0.297930485
-0.224576506
-0.150274547
-0.075317228
7.15521E-12
0.075380019
0.150525214
0.225138649
0.298925244
0.371592936
0.442853837
0.512425377
0.580031424
0.645403375
0.708281229
0.76841462
0.82556381
0.879500649
0.930009484
0.976888021
1.019948134
1.059016623
1.093935906
1.12456466
1.150778385
1.172469917
1.189549861
1.201946961
1.209608395
1.2125
1.210606422
1.20393119
1.192496722
1.176344249
1.155533667
1.130143319
1.100269696
1.066027076
1.027547085
0.984978191
0.93848513
0.888248273
0.834462922
0.777338555
0.717098008
0.653976603
0.588221236
0.520089405
0.449848203
0.377773276
0.304147732
0.229261038
0.153407878
0.076886991
-7.91777E-12
-0.076949782
-0.153658544
-0.229823182
-0.305142492
-0.379318361
-0.452056951
-0.52306986
-0.592075265
-0.658799044
-0.72297586
-0.784350219
-0.842677487
-0.897724865
-0.949272315
-0.997113446
-1.041056332
-1.08092429
-1.116556583
-1.147809072
-1.174554798
-1.196684496
-1.214107042
-1.226749828
-1.234559063
-1.2375
-1.23555709
-1.228734058
-1.217053904
-1.200558828
-1.17931008
-1.153387731
-1.122890372
-1.087934743
-1.048655283
-1.005203616
-0.957747961
-0.906472488
-0.8515766
-0.793274155
-0.731792639
-0.667372273
-0.600265078
-0.530733887
-0.459051317
-0.3854987
-0.310364979
-0.233945571
-0.156541209
-0.078456754
8.70537E-12
0.078519545
0.156791875
0.234507715
0.311359739
0.387043785
0.461260065
0.533714342
0.604119107
0.672194714
0.737670492
0.800285819
0.859791165
0.91594908
0.968535146
1.01733887
1.06216453
1.102831957
1.139177259
1.171053484
1.198331211
1.220899075
1.238664223
1.251552696
1.259509731
1.2625
1.260507758
1.253536925
1.241611085
1.224773407
1.203086493
1.176632143
1.145511048
1.10984241
1.069763482
1.02542904
0.977010792
0.924696704
0.868690277
0.809209755
0.74648727
0.680767943
0.61230892
0.541378369
0.468254431
0.393224125
0.316582226
0.238630104
0.15967454
0.080026517
-9.48178E-12
-0.080089308
-0.159925206
-0.239192248
-0.317576986
-0.39476921
-0.470463178
-0.544358824
-0.616162949
-0.685590384
-0.752365123
-0.816221419
-0.876904843
-0.934173296
-0.987797977
-1.037564295
-1.083272728
-1.124739624
-1.161797935
-1.194297896
-1.222107623
-1.245113654
-1.263221404
-1.276355563
-1.284460399
-1.2875
-1.285458426
-1.278339793
-1.266168266
-1.248987986
-1.226862906
-1.199876555
-1.168131725
-1.131750077
-1.09087168
-1.045654465
-0.996273623
-0.94292092
-0.885803955
-0.825145355
-0.761181902
-0.694163613
-0.624352762
-0.552022852
-0.477457545
-0.40094955
-0.322799474
-0.243314637
-0.16280787
-0.08159628
1.03187E-11
0.081659071
0.163058537
0.243876781
0.323794233
0.402494635
0.479666292
0.555003307
0.628206791
0.698986054
0.767059754
0.832157019
0.89401852
0.952397512
1.007060808
1.05778972
1.104380927
1.146647291
1.184418612
1.217542308
1.245884036
1.269328233
1.287778586
1.301158431
1.309411068
1.3125
1.310409094
1.30314266
1.290725447
1.273202565
1.250639319
1.223120967
1.190752401
1.153657744
1.111979878
1.06587989
1.015536454
0.961145135
0.902917633
0.841080954
0.775876533
0.707559283
0.636396603
0.562667334
0.486660659
0.408674975
0.329016721
0.24799917
0.165941201
0.083166043
-1.11808E-11
-0.083228834
-0.166191868
-0.248561314
-0.33001148
-0.41022006
-0.488869406
-0.565647789
-0.640250633
-0.712381724
-0.781754386
-0.848092618
-0.911132198
-0.970621727
-1.026323639
-1.078015145
-1.125489125
-1.168554958
-1.207039288
-1.24078672
-1.269660449
-1.293542812
-1.312335767
-1.325961298
-1.334361736
-1.3375
-1.335359763
-1.327945528
-1.315282629
-1.297417144
-1.274415732
-1.246365379
-1.213373077
-1.175565411
-1.133088076
-1.086105315
-1.034799285
-0.979369351
-0.92003131
-0.857016554
-0.790571164
-0.720954953
-0.648440445
-0.573311816
-0.495863772
-0.4164004
-0.335233968
-0.252683703
-0.169074532
-0.084735806
1.20294E-11
0.084798597
0.169325199
0.253245847
0.336228727
0.417945485
0.49807252
0.576292271
0.652294475
0.725777394
0.796449017
0.864028218
0.928245876
0.988845943
1.04558647
1.09824057
1.146597323
1.190462625
1.229659964
1.264031133
1.293436862
1.317757391
1.336892948
1.350764166
1.359312404
1.3625
1.360310431
1.352748395
1.33983981
1.321631723
1.298192145
1.269609791
1.235993754
1.197473078
1.154196274
1.10633074
1.054062116
0.997593567
0.937144988
0.872952154
0.805265796
0.734350623
0.660484287
0.583956298
0.505066886
0.424125825
0.341451215
0.257368236
0.172207863
0.086305569
-1.29408E-11
-0.08636836
-0.172458529
-0.25793038
-0.342445975
-0.42567091
-0.507275634
-0.586936753
-0.664338317
-0.739173064
-0.811143648
-0.879963818
-0.945359553
-1.007070159
-1.064849302
-1.118465995
-1.167705521
-1.212370292
-1.252280641
-1.287275545
-1.317213275
-1.34197197
-1.36145013
-1.375567033
-1.384263072
-1.3875
-1.385261099
-1.377551263
-1.364396991
-1.345846302
-1.321968558
-1.292854204
-1.25861443
-1.219380745
-1.175304472
-1.126556165
-1.073324947
-1.015817782
-0.954258666
-0.888887754
-0.819960427
-0.747746292
-0.672528129
-0.594600781
-0.51427
-0.43185125
-0.347668462
-0.262052768
-0.175341194
-0.087875332
1.38772E-11
0.087938123
0.17559186
0.262614912
0.348663222
0.433396335
0.516478747
0.597581236
0.676382158
0.752568734
0.825838279
0.895899418
0.962473231
1.025294374
1.084112133
1.13869142
1.188813719
1.234277959
1.274901317
1.310519957
1.340989688
1.366186549
1.386007311
1.400369901
1.409213741
1.4125
1.410211767
1.40235413
1.388954173
1.370060881
1.345744971
1.316098616
1.281235106
1.241288412
1.19641267
1.14678159
1.092587778
1.034041998
0.971372343
0.904823353
0.834655058
0.761141962
0.684571971
0.605245263
0.523473114
0.439576674
0.353885709
0.266737301
0.178474525
0.089445095
-1.47982E-11
-0.089507886
-0.178725191
-0.267299445
-0.354880469
-0.441121759
-0.525681861
-0.608225718
-0.688426
-0.765964403
-0.840532911
-0.911835017
-0.979586909
-1.04351859
-1.103374964
-1.158916844
-1.209921917
-1.256185626
-1.297521993
-1.333764369
-1.364766101
-1.390401128
-1.410564492
-1.425172768
-1.434164409
-1.4375
-1.435162435
-1.427156998
-1.413511354
-1.39427546
-1.369521383
-1.339343028
-1.303855783
-1.263196079
-1.217520869
-1.167007014
-1.111850609
-1.052266214
-0.988486021
-0.920758953
-0.84934969
-0.774537632
-0.696615813
-0.615889745
-0.532676228
-0.447302099
-0.360102957
-0.271421834
-0.181607855
-0.091014858
1.5784E-11
0.091077649
0.181858522
0.271983978
0.361097716
0.448847184
0.534884975
0.6188702
0.700469842
0.779360073
0.855227542
0.927770617
0.996700586
1.061742806
1.122637795
1.179142269
1.231030115
1.278093293
1.32014267
1.357008781
1.388542514
1.414615707
1.435121673
1.449975636
1.459115077
1.4625
1.460113104
1.451959865
1.438068535
1.418490039
1.393297796
1.36258744
1.326476459
1.285103746
1.238629067
1.187232439
1.13111344
1.070490429
1.005599699
0.936694553
0.864044321
0.787933302
0.708659655
0.626534228
0.541879342
0.455027524
0.366320204
0.276106367
0.184741186
0.092584621
-1.67948E-11
-0.092647412
-0.184991853
-0.276668511
-0.367314963
-0.456572609
-0.544088089
-0.629514683
-0.712513684
-0.792755743
-0.869922173
-0.943706217
-1.013814264
-1.079967022
-1.141900626
-1.199367694
-1.252138314
-1.30000096
-1.342763346
-1.380253193
-1.412318927
-1.438830286
-1.459678855
-1.474778504
-1.484065745
-1.4875
-1.485063772
-1.476762733
-1.462625716
-1.442704618
-1.417074209
-1.385831852
-1.349097135
-1.307011413
-1.259737265
-1.207457864
-1.150376271
-1.088714645
-1.022713376
-0.952630153
-0.878738952
-0.801328972
-0.720703496
-0.63717871
-0.551082455
-0.462752949
-0.372537451
-0.2807909
-0.187874517
-0.094154384
1.77881E-11
